3.519938354492187500e+02
3.553158264160156250e+02
3.586385192871093750e+02
3.619618835449218750e+02
3.652859191894531250e+02
3.686106262207031250e+02
3.719360046386718750e+02
3.752619628906250000e+02
3.785885620117187500e+02
3.819158020019531250e+02
3.852436218261718750e+02
3.885720214843750000e+02
3.919010620117187500e+02
3.952306213378906250e+02
3.985607604980468750e+02
4.018914184570312500e+02
4.052226257324218750e+02
4.085543518066406250e+02
4.118865966796875000e+02
4.152192993164062500e+02
4.185525512695312500e+02
4.218862609863281250e+02
4.252203979492187500e+02
4.285550537109375000e+02
4.318901367187500000e+02
4.352255859375000000e+02
4.385614929199218750e+02
4.418978271484375000e+02
4.452345581054687500e+02
4.485716247558593750e+02
4.519090881347656250e+02
4.552469177246093750e+02
4.585851135253906250e+02
4.619236450195312500e+02
4.652625122070312500e+02
4.686016845703125000e+02
4.719411621093750000e+02
4.752809143066406250e+02
4.786209411621093750e+02
4.819613037109375000e+02
4.853018798828125000e+02
4.886426391601562500e+02
4.919837341308593750e+02
4.953250427246093750e+02
4.986665039062500000e+02
5.020082397460937500e+02
5.053501586914062500e+02
5.086921997070312500e+02
5.120344238281250000e+02
5.153768310546875000e+02
5.187193603515625000e+02
5.220620117187500000e+02
5.254047851562500000e+02
5.287476806640625000e+02
5.320906982421875000e+02
5.354337768554687500e+02
5.387769775390625000e+02
5.421202392578125000e+02
5.454634399414062500e+02
5.488067626953125000e+02
5.521502075195312500e+02
5.554935302734375000e+02
5.588368530273437500e+02
5.621802978515625000e+02
5.655235595703125000e+02
5.688668823242187500e+02
5.722102050781250000e+02
5.755534057617187500e+02
5.788966674804687500e+02
5.822397460937500000e+02
5.855827026367187500e+02
5.889256591796875000e+02
5.922684326171875000e+02
5.956111450195312500e+02
5.989537963867187500e+02
6.022960815429687500e+02
6.056383666992187500e+02
6.089804687500000000e+02
6.123223876953125000e+02
6.156641845703125000e+02
6.190057373046875000e+02
6.223469848632812500e+02
6.256881713867187500e+02
6.290289916992187500e+02
6.323696289062500000e+02
6.357100219726562500e+02
6.390500488281250000e+02
6.423898925781250000e+02
6.457294311523437500e+02
6.490686645507812500e+02
6.524075927734375000e+02
6.557462158203125000e+02
6.590844116210937500e+02
6.624223632812500000e+02
6.657598876953125000e+02
6.690970458984375000e+02
6.724338989257812500e+02
6.757702026367187500e+02
6.791062011718750000e+02
6.824417724609375000e+02
6.857769165039062500e+02
6.891116333007812500e+02
6.924458618164062500e+02
6.957796630859375000e+02
6.991130371093750000e+02
7.024458007812500000e+02
7.057781372070312500e+02
7.091099853515625000e+02
7.124412231445312500e+02
7.157720336914062500e+02
7.191022949218750000e+02
7.224319458007812500e+02
7.257610473632812500e+02
7.290895385742187500e+02
7.324175415039062500e+02
7.357449340820312500e+02
7.390715942382812500e+02
7.423977050781250000e+02
7.457232055664062500e+02
7.490479125976562500e+02
7.523721923828125000e+02
7.556956787109375000e+02
7.590184326171875000e+02
7.623406372070312500e+02
7.656619873046875000e+02
7.689827270507812500e+02
7.723027343750000000e+02
7.756219482421875000e+02
7.789404907226562500e+02
7.822582397460937500e+02
7.855751342773437500e+02
7.888913574218750000e+02
7.922066650390625000e+02
7.955212402343750000e+02
7.988350219726562500e+02
8.021480102539062500e+02
8.054600219726562500e+02
8.087713012695312500e+02
8.120816650390625000e+02
8.153911132812500000e+02
8.186997680664062500e+02
8.220075073242187500e+02
8.253142700195312500e+02
8.286201171875000000e+02
8.319250488281250000e+02
8.352291259765625000e+02
8.385321044921875000e+02
8.418341674804687500e+02
8.451353149414062500e+02
8.484354248046875000e+02
8.517345581054687500e+02
8.550325927734375000e+02
8.583297729492187500e+02
8.616257934570312500e+02
8.649207153320312500e+02
8.682146606445312500e+02
8.715075073242187500e+02
8.747993164062500000e+02
8.780900268554687500e+02
8.813796386718750000e+02
8.846680908203125000e+02
8.879553833007812500e+02
8.912415771484375000e+02
8.945266723632812500e+02
8.978105468750000000e+02
9.010932617187500000e+02
9.043747558593750000e+02
9.076551513671875000e+02
9.109342651367187500e+02
9.142121582031250000e+02
9.174888305664062500e+02
9.207642822265625000e+02
9.240383911132812500e+02
9.273113403320312500e+02
9.305830078125000000e+02
9.338533325195312500e+02
9.371224365234375000e+02
9.403901367187500000e+02
9.436565551757812500e+02
9.469216308593750000e+02
9.801057128906250000e+02
9.863839721679687500e+02
9.926456298828125000e+02
9.988908691406250000e+02
1.005119812011718750e+03
1.011332763671875000e+03
1.017529785156250000e+03
1.023710815429687500e+03
1.029876098632812500e+03
1.036025634765625000e+03
1.042159667968750000e+03
1.048278198242187500e+03
1.054381347656250000e+03
1.060469360351562500e+03
1.066541992187500000e+03
1.072599975585937500e+03
1.078642822265625000e+03
1.084671020507812500e+03
1.090684448242187500e+03
1.096683349609375000e+03
1.102667724609375000e+03
1.108637573242187500e+03
1.114593383789062500e+03
1.120534912109375000e+03
1.126462402343750000e+03
1.132375854492187500e+03
1.138275512695312500e+03
1.144161376953125000e+03
1.150033813476562500e+03
1.155892578125000000e+03
1.161737915039062500e+03
1.167569824218750000e+03
1.173388427734375000e+03
1.179194091796875000e+03
1.184986450195312500e+03
1.190766235351562500e+03
1.196532836914062500e+03
1.202286743164062500e+03
1.208028076171875000e+03
1.213756713867187500e+03
1.219472900390625000e+03
1.225176757812500000e+03
1.230868530273437500e+03
1.236547851562500000e+03
1.242215209960937500e+03
1.247870483398437500e+03
1.253513793945312500e+03
1.259145263671875000e+03
1.264765258789062500e+03
1.270373413085937500e+03
1.275970336914062500e+03
1.281555419921875000e+03
1.287129150390625000e+03
1.292691894531250000e+03
1.298243164062500000e+03
1.303783569335937500e+03
1.309312622070312500e+03
1.314831054687500000e+03
1.320338500976562500e+03
1.325835327148437500e+03
1.331321411132812500e+03
1.336796630859375000e+03
1.342261718750000000e+03
1.347716064453125000e+03
1.353160400390625000e+03
1.358594238281250000e+03
1.364017822265625000e+03
1.369431518554687500e+03
1.374835205078125000e+03
1.380228759765625000e+03
1.385612548828125000e+03
1.390986816406250000e+03
1.396350830078125000e+03
1.401705688476562500e+03
1.407050537109375000e+03
1.412386474609375000e+03
1.417712524414062500e+03
1.423029541015625000e+03
1.428337158203125000e+03
1.433635620117187500e+03
1.438925170898437500e+03
1.444205322265625000e+03
1.449476806640625000e+03
1.454739257812500000e+03
1.459993164062500000e+03
1.465237915039062500e+03
1.470474365234375000e+03
1.475701904296875000e+03
1.480921264648437500e+03
1.486131958007812500e+03
1.491334106445312500e+03
1.496528076171875000e+03
1.501713745117187500e+03
1.506891479492187500e+03
1.512060791015625000e+03
1.517222045898437500e+03
1.522375366210937500e+03
1.527520751953125000e+03
1.532658325195312500e+03
1.537788085937500000e+03
1.542909912109375000e+03
1.548024169921875000e+03
1.553130981445312500e+03
1.558229980468750000e+03
1.563321655273437500e+03
1.568405761718750000e+03
1.573482666015625000e+03
1.578552124023437500e+03
1.583614257812500000e+03
1.588669311523437500e+03
1.593717163085937500e+03
1.598757934570312500e+03
1.603791625976562500e+03
1.608818481445312500e+03
1.613838256835937500e+03
1.618851074218750000e+03
1.623857299804687500e+03
1.628856689453125000e+03
1.633849487304687500e+03
1.638835571289062500e+03
1.643814819335937500e+03
1.648787719726562500e+03
1.653754028320312500e+03
1.658713989257812500e+03
1.663667724609375000e+03
1.668614746093750000e+03
1.673555541992187500e+03
1.678490112304687500e+03
1.683418579101562500e+03
1.688340698242187500e+03
1.693256958007812500e+03
1.698166992187500000e+03
1.703070800781250000e+03
1.707969116210937500e+03
1.712861206054687500e+03
1.717747314453125000e+03
1.722627685546875000e+03
1.727502319335937500e+03
1.732371093750000000e+03
1.737234252929687500e+03
1.742091552734375000e+03
1.746943237304687500e+03
1.751789550781250000e+03
1.756630126953125000e+03
1.761465209960937500e+03
1.766294677734375000e+03
1.771118896484375000e+03
1.775937622070312500e+03
1.780751098632812500e+03
1.785559204101562500e+03
1.790361816406250000e+03
1.795159301757812500e+03
1.799951538085937500e+03
1.804738647460937500e+03
1.809520629882812500e+03
1.814297241210937500e+03
1.819068969726562500e+03
1.823835571289062500e+03
1.828597045898437500e+03
1.833353637695312500e+03
1.838105224609375000e+03
1.842851806640625000e+03
1.847593627929687500e+03
1.852330444335937500e+03
1.857062377929687500e+03
1.861789428710937500e+03
1.866511840820312500e+03
1.871229492187500000e+03
1.875942260742187500e+03
1.880650268554687500e+03
1.885353637695312500e+03
1.890052490234375000e+03
1.894746459960937500e+03
1.899435791015625000e+03
1.904120605468750000e+03
1.908800781250000000e+03
1.913476562500000000e+03
1.918147583007812500e+03
1.922814208984375000e+03
1.927476318359375000e+03
1.932134033203125000e+03
1.936786987304687500e+03
1.941435791015625000e+03
1.946079956054687500e+03
1.950719726562500000e+03
1.955355224609375000e+03
1.959986206054687500e+03
1.964613159179687500e+03
1.969235473632812500e+03
1.973853393554687500e+03
1.978467163085937500e+03
1.983076416015625000e+03
1.987681518554687500e+03
1.992282348632812500e+03
1.996878784179687500e+03
2.001471191406250000e+03
2.006059326171875000e+03
2.010642944335937500e+03
2.015222534179687500e+03
2.019797851562500000e+03
2.024369018554687500e+03
2.028935668945312500e+03
2.033498535156250000e+03
2.038057128906250000e+03
2.042611328125000000e+03
2.047161621093750000e+03
2.051707519531250000e+03
2.056249511718750000e+03
2.060786865234375000e+03
2.065320312500000000e+03
2.069849853515625000e+03
2.074375000000000000e+03
2.078895996093750000e+03
2.083413085937500000e+03
2.087925537109375000e+03
2.092434326171875000e+03
2.096938476562500000e+03
2.101438720703125000e+03
2.105935058593750000e+03
2.110427001953125000e+03
