     350     0.979000
     351     0.979220
     352     0.979440
     353     0.979660
     354     0.979880
     355     0.980100
     356     0.980320
     357     0.980540
     358     0.980760
     359     0.980980
     360     0.981200
     361     0.981420
     362     0.981640
     363     0.981860
     364     0.982080
     365     0.982300
     366     0.982520
     367     0.982740
     368     0.982960
     369     0.983180
     370     0.983400
     371     0.983620
     372     0.983840
     373     0.984060
     374     0.984280
     375     0.984500
     376     0.984720
     377     0.984940
     378     0.985160
     379     0.985380
     380     0.985600
     381     0.985820
     382     0.986040
     383     0.986260
     384     0.986480
     385     0.986700
     386     0.986920
     387     0.987140
     388     0.987360
     389     0.987580
     390     0.987800
     391     0.988020
     392     0.988240
     393     0.988460
     394     0.988680
     395     0.988900
     396     0.989120
     397     0.989340
     398     0.989560
     399     0.989780
     400     0.990000
     401     0.990000
     402     0.990000
     403     0.990000
     404     0.990000
     405     0.990000
     406     0.990000
     407     0.990000
     408     0.990000
     409     0.990000
     410     0.990000
     411     0.990000
     412     0.990000
     413     0.990000
     414     0.990000
     415     0.990000
     416     0.990000
     417     0.990000
     418     0.990000
     419     0.990000
     420     0.990000
     421     0.990000
     422     0.990000
     423     0.990000
     424     0.990000
     425     0.990000
     426     0.990000
     427     0.990000
     428     0.990000
     429     0.990000
     430     0.990000
     431     0.990000
     432     0.990000
     433     0.990000
     434     0.990000
     435     0.990000
     436     0.990000
     437     0.990000
     438     0.990000
     439     0.990000
     440     0.990000
     441     0.990000
     442     0.990000
     443     0.990000
     444     0.990000
     445     0.990000
     446     0.990000
     447     0.990000
     448     0.990000
     449     0.990000
     450     0.990000
     451     0.990020
     452     0.990040
     453     0.990060
     454     0.990080
     455     0.990100
     456     0.990120
     457     0.990140
     458     0.990160
     459     0.990180
     460     0.990200
     461     0.990220
     462     0.990240
     463     0.990260
     464     0.990280
     465     0.990300
     466     0.990320
     467     0.990340
     468     0.990360
     469     0.990380
     470     0.990400
     471     0.990420
     472     0.990440
     473     0.990460
     474     0.990480
     475     0.990500
     476     0.990520
     477     0.990540
     478     0.990560
     479     0.990580
     480     0.990600
     481     0.990620
     482     0.990640
     483     0.990660
     484     0.990680
     485     0.990700
     486     0.990720
     487     0.990740
     488     0.990760
     489     0.990780
     490     0.990800
     491     0.990820
     492     0.990840
     493     0.990860
     494     0.990880
     495     0.990900
     496     0.990920
     497     0.990940
     498     0.990960
     499     0.990980
     500     0.991000
     501     0.991000
     502     0.991000
     503     0.991000
     504     0.991000
     505     0.991000
     506     0.991000
     507     0.991000
     508     0.991000
     509     0.991000
     510     0.991000
     511     0.991000
     512     0.991000
     513     0.991000
     514     0.991000
     515     0.991000
     516     0.991000
     517     0.991000
     518     0.991000
     519     0.991000
     520     0.991000
     521     0.991000
     522     0.991000
     523     0.991000
     524     0.991000
     525     0.991000
     526     0.991000
     527     0.991000
     528     0.991000
     529     0.991000
     530     0.991000
     531     0.991000
     532     0.991000
     533     0.991000
     534     0.991000
     535     0.991000
     536     0.991000
     537     0.991000
     538     0.991000
     539     0.991000
     540     0.991000
     541     0.991000
     542     0.991000
     543     0.991000
     544     0.991000
     545     0.991000
     546     0.991000
     547     0.991000
     548     0.991000
     549     0.991000
     550     0.991000
     551     0.991000
     552     0.991000
     553     0.991000
     554     0.991000
     555     0.991000
     556     0.991000
     557     0.991000
     558     0.991000
     559     0.991000
     560     0.991000
     561     0.991000
     562     0.991000
     563     0.991000
     564     0.991000
     565     0.991000
     566     0.991000
     567     0.991000
     568     0.991000
     569     0.991000
     570     0.991000
     571     0.991000
     572     0.991000
     573     0.991000
     574     0.991000
     575     0.991000
     576     0.991000
     577     0.991000
     578     0.991000
     579     0.991000
     580     0.991000
     581     0.991000
     582     0.991000
     583     0.991000
     584     0.991000
     585     0.991000
     586     0.991000
     587     0.991000
     588     0.991000
     589     0.991000
     590     0.991000
     591     0.991000
     592     0.991000
     593     0.991000
     594     0.991000
     595     0.991000
     596     0.991000
     597     0.991000
     598     0.991000
     599     0.991000
     600     0.991000
     601     0.991000
     602     0.991000
     603     0.991000
     604     0.991000
     605     0.991000
     606     0.991000
     607     0.991000
     608     0.991000
     609     0.991000
     610     0.991000
     611     0.991000
     612     0.991000
     613     0.991000
     614     0.991000
     615     0.991000
     616     0.991000
     617     0.991000
     618     0.991000
     619     0.991000
     620     0.991000
     621     0.991000
     622     0.991000
     623     0.991000
     624     0.991000
     625     0.991000
     626     0.991000
     627     0.991000
     628     0.991000
     629     0.991000
     630     0.991000
     631     0.991000
     632     0.991000
     633     0.991000
     634     0.991000
     635     0.991000
     636     0.991000
     637     0.991000
     638     0.991000
     639     0.991000
     640     0.991000
     641     0.991000
     642     0.991000
     643     0.991000
     644     0.991000
     645     0.991000
     646     0.991000
     647     0.991000
     648     0.991000
     649     0.991000
     650     0.991000
     651     0.990980
     652     0.990960
     653     0.990940
     654     0.990920
     655     0.990900
     656     0.990880
     657     0.990860
     658     0.990840
     659     0.990820
     660     0.990800
     661     0.990780
     662     0.990760
     663     0.990740
     664     0.990720
     665     0.990700
     666     0.990680
     667     0.990660
     668     0.990640
     669     0.990620
     670     0.990600
     671     0.990580
     672     0.990560
     673     0.990540
     674     0.990520
     675     0.990500
     676     0.990480
     677     0.990460
     678     0.990440
     679     0.990420
     680     0.990400
     681     0.990380
     682     0.990360
     683     0.990340
     684     0.990320
     685     0.990300
     686     0.990280
     687     0.990260
     688     0.990240
     689     0.990220
     690     0.990200
     691     0.990180
     692     0.990160
     693     0.990140
     694     0.990120
     695     0.990100
     696     0.990080
     697     0.990060
     698     0.990040
     699     0.990020
     700     0.990000
     701     0.990000
     702     0.990000
     703     0.990000
     704     0.990000
     705     0.990000
     706     0.990000
     707     0.990000
     708     0.990000
     709     0.990000
     710     0.990000
     711     0.990000
     712     0.990000
     713     0.990000
     714     0.990000
     715     0.990000
     716     0.990000
     717     0.990000
     718     0.990000
     719     0.990000
     720     0.990000
     721     0.990000
     722     0.990000
     723     0.990000
     724     0.990000
     725     0.990000
     726     0.990000
     727     0.990000
     728     0.990000
     729     0.990000
     730     0.990000
     731     0.990000
     732     0.990000
     733     0.990000
     734     0.990000
     735     0.990000
     736     0.990000
     737     0.990000
     738     0.990000
     739     0.990000
     740     0.990000
     741     0.990000
     742     0.990000
     743     0.990000
     744     0.990000
     745     0.990000
     746     0.990000
     747     0.990000
     748     0.990000
     749     0.990000
     750     0.990000
     751     0.990020
     752     0.990040
     753     0.990060
     754     0.990080
     755     0.990100
     756     0.990120
     757     0.990140
     758     0.990160
     759     0.990180
     760     0.990200
     761     0.990220
     762     0.990240
     763     0.990260
     764     0.990280
     765     0.990300
     766     0.990320
     767     0.990340
     768     0.990360
     769     0.990380
     770     0.990400
     771     0.990420
     772     0.990440
     773     0.990460
     774     0.990480
     775     0.990500
     776     0.990520
     777     0.990540
     778     0.990560
     779     0.990580
     780     0.990600
     781     0.990620
     782     0.990640
     783     0.990660
     784     0.990680
     785     0.990700
     786     0.990720
     787     0.990740
     788     0.990760
     789     0.990780
     790     0.990800
     791     0.990820
     792     0.990840
     793     0.990860
     794     0.990880
     795     0.990900
     796     0.990920
     797     0.990940
     798     0.990960
     799     0.990980
     800     0.991000
     801     0.991020
     802     0.991040
     803     0.991060
     804     0.991080
     805     0.991100
     806     0.991120
     807     0.991140
     808     0.991160
     809     0.991180
     810     0.991200
     811     0.991220
     812     0.991240
     813     0.991260
     814     0.991280
     815     0.991300
     816     0.991320
     817     0.991340
     818     0.991360
     819     0.991380
     820     0.991400
     821     0.991420
     822     0.991440
     823     0.991460
     824     0.991480
     825     0.991500
     826     0.991520
     827     0.991540
     828     0.991560
     829     0.991580
     830     0.991600
     831     0.991620
     832     0.991640
     833     0.991660
     834     0.991680
     835     0.991700
     836     0.991720
     837     0.991740
     838     0.991760
     839     0.991780
     840     0.991800
     841     0.991820
     842     0.991840
     843     0.991860
     844     0.991880
     845     0.991900
     846     0.991920
     847     0.991940
     848     0.991960
     849     0.991980
     850     0.992000
     851     0.992060
     852     0.992120
     853     0.992180
     854     0.992240
     855     0.992300
     856     0.992360
     857     0.992420
     858     0.992480
     859     0.992540
     860     0.992600
     861     0.992660
     862     0.992720
     863     0.992780
     864     0.992840
     865     0.992900
     866     0.992960
     867     0.993020
     868     0.993080
     869     0.993140
     870     0.993200
     871     0.993260
     872     0.993320
     873     0.993380
     874     0.993440
     875     0.993500
     876     0.993560
     877     0.993620
     878     0.993680
     879     0.993740
     880     0.993800
     881     0.993860
     882     0.993920
     883     0.993980
     884     0.994040
     885     0.994100
     886     0.994160
     887     0.994220
     888     0.994280
     889     0.994340
     890     0.994400
     891     0.994460
     892     0.994520
     893     0.994580
     894     0.994640
     895     0.994700
     896     0.994760
     897     0.994820
     898     0.994880
     899     0.994940
     900     0.995000
     901     0.994920
     902     0.994840
     903     0.994760
     904     0.994680
     905     0.994600
     906     0.994520
     907     0.994440
     908     0.994360
     909     0.994280
     910     0.994200
     911     0.994120
     912     0.994040
     913     0.993960
     914     0.993880
     915     0.993800
     916     0.993720
     917     0.993640
     918     0.993560
     919     0.993480
     920     0.993400
     921     0.993320
     922     0.993240
     923     0.993160
     924     0.993080
     925     0.993000
     926     0.992920
     927     0.992840
     928     0.992760
     929     0.992680
     930     0.992600
     931     0.992520
     932     0.992440
     933     0.992360
     934     0.992280
     935     0.992200
     936     0.992120
     937     0.992040
     938     0.991960
     939     0.991880
     940     0.991800
     941     0.991720
     942     0.991640
     943     0.991560
     944     0.991480
     945     0.991400
     946     0.991320
     947     0.991240
     948     0.991160
     949     0.991080
     950     0.991000
     951     0.991020
     952     0.991040
     953     0.991060
     954     0.991080
     955     0.991100
     956     0.991120
     957     0.991140
     958     0.991160
     959     0.991180
     960     0.991200
     961     0.991220
     962     0.991240
     963     0.991260
     964     0.991280
     965     0.991300
     966     0.991320
     967     0.991340
     968     0.991360
     969     0.991380
     970     0.991400
     971     0.991420
     972     0.991440
     973     0.991460
     974     0.991480
     975     0.991500
     976     0.991520
     977     0.991540
     978     0.991560
     979     0.991580
     980     0.991600
     981     0.991620
     982     0.991640
     983     0.991660
     984     0.991680
     985     0.991700
     986     0.991720
     987     0.991740
     988     0.991760
     989     0.991780
     990     0.991800
     991     0.991820
     992     0.991840
     993     0.991860
     994     0.991880
     995     0.991900
     996     0.991920
     997     0.991940
     998     0.991960
     999     0.991980
    1000     0.992000
    1001     0.992000
    1002     0.992000
    1003     0.992000
    1004     0.992000
    1005     0.992000
    1006     0.992000
    1007     0.992000
    1008     0.992000
    1009     0.992000
    1010     0.992000
    1011     0.992000
    1012     0.992000
    1013     0.992000
    1014     0.992000
    1015     0.992000
    1016     0.992000
    1017     0.992000
    1018     0.992000
    1019     0.992000
    1020     0.992000
    1021     0.992000
    1022     0.992000
    1023     0.992000
    1024     0.992000
    1025     0.992000
    1026     0.992000
    1027     0.992000
    1028     0.992000
    1029     0.992000
    1030     0.992000
    1031     0.992000
    1032     0.992000
    1033     0.992000
    1034     0.992000
    1035     0.992000
    1036     0.992000
    1037     0.992000
    1038     0.992000
    1039     0.992000
    1040     0.992000
    1041     0.992000
    1042     0.992000
    1043     0.992000
    1044     0.992000
    1045     0.992000
    1046     0.992000
    1047     0.992000
    1048     0.992000
    1049     0.992000
    1050     0.992000
    1051     0.991980
    1052     0.991960
    1053     0.991940
    1054     0.991920
    1055     0.991900
    1056     0.991880
    1057     0.991860
    1058     0.991840
    1059     0.991820
    1060     0.991800
    1061     0.991780
    1062     0.991760
    1063     0.991740
    1064     0.991720
    1065     0.991700
    1066     0.991680
    1067     0.991660
    1068     0.991640
    1069     0.991620
    1070     0.991600
    1071     0.991580
    1072     0.991560
    1073     0.991540
    1074     0.991520
    1075     0.991500
    1076     0.991480
    1077     0.991460
    1078     0.991440
    1079     0.991420
    1080     0.991400
    1081     0.991380
    1082     0.991360
    1083     0.991340
    1084     0.991320
    1085     0.991300
    1086     0.991280
    1087     0.991260
    1088     0.991240
    1089     0.991220
    1090     0.991200
    1091     0.991180
    1092     0.991160
    1093     0.991140
    1094     0.991120
    1095     0.991100
    1096     0.991080
    1097     0.991060
    1098     0.991040
    1099     0.991020
    1100     0.991000
    1101     0.991020
    1102     0.991040
    1103     0.991060
    1104     0.991080
    1105     0.991100
    1106     0.991120
    1107     0.991140
    1108     0.991160
    1109     0.991180
    1110     0.991200
    1111     0.991220
    1112     0.991240
    1113     0.991260
    1114     0.991280
    1115     0.991300
    1116     0.991320
    1117     0.991340
    1118     0.991360
    1119     0.991380
    1120     0.991400
    1121     0.991420
    1122     0.991440
    1123     0.991460
    1124     0.991480
    1125     0.991500
    1126     0.991520
    1127     0.991540
    1128     0.991560
    1129     0.991580
    1130     0.991600
    1131     0.991620
    1132     0.991640
    1133     0.991660
    1134     0.991680
    1135     0.991700
    1136     0.991720
    1137     0.991740
    1138     0.991760
    1139     0.991780
    1140     0.991800
    1141     0.991820
    1142     0.991840
    1143     0.991860
    1144     0.991880
    1145     0.991900
    1146     0.991920
    1147     0.991940
    1148     0.991960
    1149     0.991980
    1150     0.992000
    1151     0.991960
    1152     0.991920
    1153     0.991880
    1154     0.991840
    1155     0.991800
    1156     0.991760
    1157     0.991720
    1158     0.991680
    1159     0.991640
    1160     0.991600
    1161     0.991560
    1162     0.991520
    1163     0.991480
    1164     0.991440
    1165     0.991400
    1166     0.991360
    1167     0.991320
    1168     0.991280
    1169     0.991240
    1170     0.991200
    1171     0.991160
    1172     0.991120
    1173     0.991080
    1174     0.991040
    1175     0.991000
    1176     0.990960
    1177     0.990920
    1178     0.990880
    1179     0.990840
    1180     0.990800
    1181     0.990760
    1182     0.990720
    1183     0.990680
    1184     0.990640
    1185     0.990600
    1186     0.990560
    1187     0.990520
    1188     0.990480
    1189     0.990440
    1190     0.990400
    1191     0.990360
    1192     0.990320
    1193     0.990280
    1194     0.990240
    1195     0.990200
    1196     0.990160
    1197     0.990120
    1198     0.990080
    1199     0.990040
    1200     0.990000
    1201     0.989980
    1202     0.989960
    1203     0.989940
    1204     0.989920
    1205     0.989900
    1206     0.989880
    1207     0.989860
    1208     0.989840
    1209     0.989820
    1210     0.989800
    1211     0.989780
    1212     0.989760
    1213     0.989740
    1214     0.989720
    1215     0.989700
    1216     0.989680
    1217     0.989660
    1218     0.989640
    1219     0.989620
    1220     0.989600
    1221     0.989580
    1222     0.989560
    1223     0.989540
    1224     0.989520
    1225     0.989500
    1226     0.989480
    1227     0.989460
    1228     0.989440
    1229     0.989420
    1230     0.989400
    1231     0.989380
    1232     0.989360
    1233     0.989340
    1234     0.989320
    1235     0.989300
    1236     0.989280
    1237     0.989260
    1238     0.989240
    1239     0.989220
    1240     0.989200
    1241     0.989180
    1242     0.989160
    1243     0.989140
    1244     0.989120
    1245     0.989100
    1246     0.989080
    1247     0.989060
    1248     0.989040
    1249     0.989020
    1250     0.989000
    1251     0.989000
    1252     0.989000
    1253     0.989000
    1254     0.989000
    1255     0.989000
    1256     0.989000
    1257     0.989000
    1258     0.989000
    1259     0.989000
    1260     0.989000
    1261     0.989000
    1262     0.989000
    1263     0.989000
    1264     0.989000
    1265     0.989000
    1266     0.989000
    1267     0.989000
    1268     0.989000
    1269     0.989000
    1270     0.989000
    1271     0.989000
    1272     0.989000
    1273     0.989000
    1274     0.989000
    1275     0.989000
    1276     0.989000
    1277     0.989000
    1278     0.989000
    1279     0.989000
    1280     0.989000
    1281     0.989000
    1282     0.989000
    1283     0.989000
    1284     0.989000
    1285     0.989000
    1286     0.989000
    1287     0.989000
    1288     0.989000
    1289     0.989000
    1290     0.989000
    1291     0.989000
    1292     0.989000
    1293     0.989000
    1294     0.989000
    1295     0.989000
    1296     0.989000
    1297     0.989000
    1298     0.989000
    1299     0.989000
    1300     0.989000
    1301     0.988980
    1302     0.988960
    1303     0.988940
    1304     0.988920
    1305     0.988900
    1306     0.988880
    1307     0.988860
    1308     0.988840
    1309     0.988820
    1310     0.988800
    1311     0.988780
    1312     0.988760
    1313     0.988740
    1314     0.988720
    1315     0.988700
    1316     0.988680
    1317     0.988660
    1318     0.988640
    1319     0.988620
    1320     0.988600
    1321     0.988580
    1322     0.988560
    1323     0.988540
    1324     0.988520
    1325     0.988500
    1326     0.988480
    1327     0.988460
    1328     0.988440
    1329     0.988420
    1330     0.988400
    1331     0.988380
    1332     0.988360
    1333     0.988340
    1334     0.988320
    1335     0.988300
    1336     0.988280
    1337     0.988260
    1338     0.988240
    1339     0.988220
    1340     0.988200
    1341     0.988180
    1342     0.988160
    1343     0.988140
    1344     0.988120
    1345     0.988100
    1346     0.988080
    1347     0.988060
    1348     0.988040
    1349     0.988020
    1350     0.988000
    1351     0.988020
    1352     0.988040
    1353     0.988060
    1354     0.988080
    1355     0.988100
    1356     0.988120
    1357     0.988140
    1358     0.988160
    1359     0.988180
    1360     0.988200
    1361     0.988220
    1362     0.988240
    1363     0.988260
    1364     0.988280
    1365     0.988300
    1366     0.988320
    1367     0.988340
    1368     0.988360
    1369     0.988380
    1370     0.988400
    1371     0.988420
    1372     0.988440
    1373     0.988460
    1374     0.988480
    1375     0.988500
    1376     0.988520
    1377     0.988540
    1378     0.988560
    1379     0.988580
    1380     0.988600
    1381     0.988620
    1382     0.988640
    1383     0.988660
    1384     0.988680
    1385     0.988700
    1386     0.988720
    1387     0.988740
    1388     0.988760
    1389     0.988780
    1390     0.988800
    1391     0.988820
    1392     0.988840
    1393     0.988860
    1394     0.988880
    1395     0.988900
    1396     0.988920
    1397     0.988940
    1398     0.988960
    1399     0.988980
    1400     0.989000
    1401     0.989000
    1402     0.989000
    1403     0.989000
    1404     0.989000
    1405     0.989000
    1406     0.989000
    1407     0.989000
    1408     0.989000
    1409     0.989000
    1410     0.989000
    1411     0.989000
    1412     0.989000
    1413     0.989000
    1414     0.989000
    1415     0.989000
    1416     0.989000
    1417     0.989000
    1418     0.989000
    1419     0.989000
    1420     0.989000
    1421     0.989000
    1422     0.989000
    1423     0.989000
    1424     0.989000
    1425     0.989000
    1426     0.989000
    1427     0.989000
    1428     0.989000
    1429     0.989000
    1430     0.989000
    1431     0.989000
    1432     0.989000
    1433     0.989000
    1434     0.989000
    1435     0.989000
    1436     0.989000
    1437     0.989000
    1438     0.989000
    1439     0.989000
    1440     0.989000
    1441     0.989000
    1442     0.989000
    1443     0.989000
    1444     0.989000
    1445     0.989000
    1446     0.989000
    1447     0.989000
    1448     0.989000
    1449     0.989000
    1450     0.989000
    1451     0.988980
    1452     0.988960
    1453     0.988940
    1454     0.988920
    1455     0.988900
    1456     0.988880
    1457     0.988860
    1458     0.988840
    1459     0.988820
    1460     0.988800
    1461     0.988780
    1462     0.988760
    1463     0.988740
    1464     0.988720
    1465     0.988700
    1466     0.988680
    1467     0.988660
    1468     0.988640
    1469     0.988620
    1470     0.988600
    1471     0.988580
    1472     0.988560
    1473     0.988540
    1474     0.988520
    1475     0.988500
    1476     0.988480
    1477     0.988460
    1478     0.988440
    1479     0.988420
    1480     0.988400
    1481     0.988380
    1482     0.988360
    1483     0.988340
    1484     0.988320
    1485     0.988300
    1486     0.988280
    1487     0.988260
    1488     0.988240
    1489     0.988220
    1490     0.988200
    1491     0.988180
    1492     0.988160
    1493     0.988140
    1494     0.988120
    1495     0.988100
    1496     0.988080
    1497     0.988060
    1498     0.988040
    1499     0.988020
    1500     0.988000
    1501     0.988020
    1502     0.988040
    1503     0.988060
    1504     0.988080
    1505     0.988100
    1506     0.988120
    1507     0.988140
    1508     0.988160
    1509     0.988180
    1510     0.988200
    1511     0.988220
    1512     0.988240
    1513     0.988260
    1514     0.988280
    1515     0.988300
    1516     0.988320
    1517     0.988340
    1518     0.988360
    1519     0.988380
    1520     0.988400
    1521     0.988420
    1522     0.988440
    1523     0.988460
    1524     0.988480
    1525     0.988500
    1526     0.988520
    1527     0.988540
    1528     0.988560
    1529     0.988580
    1530     0.988600
    1531     0.988620
    1532     0.988640
    1533     0.988660
    1534     0.988680
    1535     0.988700
    1536     0.988720
    1537     0.988740
    1538     0.988760
    1539     0.988780
    1540     0.988800
    1541     0.988820
    1542     0.988840
    1543     0.988860
    1544     0.988880
    1545     0.988900
    1546     0.988920
    1547     0.988940
    1548     0.988960
    1549     0.988980
    1550     0.989000
    1551     0.989020
    1552     0.989040
    1553     0.989060
    1554     0.989080
    1555     0.989100
    1556     0.989120
    1557     0.989140
    1558     0.989160
    1559     0.989180
    1560     0.989200
    1561     0.989220
    1562     0.989240
    1563     0.989260
    1564     0.989280
    1565     0.989300
    1566     0.989320
    1567     0.989340
    1568     0.989360
    1569     0.989380
    1570     0.989400
    1571     0.989420
    1572     0.989440
    1573     0.989460
    1574     0.989480
    1575     0.989500
    1576     0.989520
    1577     0.989540
    1578     0.989560
    1579     0.989580
    1580     0.989600
    1581     0.989620
    1582     0.989640
    1583     0.989660
    1584     0.989680
    1585     0.989700
    1586     0.989720
    1587     0.989740
    1588     0.989760
    1589     0.989780
    1590     0.989800
    1591     0.989820
    1592     0.989840
    1593     0.989860
    1594     0.989880
    1595     0.989900
    1596     0.989920
    1597     0.989940
    1598     0.989960
    1599     0.989980
    1600     0.990000
    1601     0.989940
    1602     0.989880
    1603     0.989820
    1604     0.989760
    1605     0.989700
    1606     0.989640
    1607     0.989580
    1608     0.989520
    1609     0.989460
    1610     0.989400
    1611     0.989340
    1612     0.989280
    1613     0.989220
    1614     0.989160
    1615     0.989100
    1616     0.989040
    1617     0.988980
    1618     0.988920
    1619     0.988860
    1620     0.988800
    1621     0.988740
    1622     0.988680
    1623     0.988620
    1624     0.988560
    1625     0.988500
    1626     0.988440
    1627     0.988380
    1628     0.988320
    1629     0.988260
    1630     0.988200
    1631     0.988140
    1632     0.988080
    1633     0.988020
    1634     0.987960
    1635     0.987900
    1636     0.987840
    1637     0.987780
    1638     0.987720
    1639     0.987660
    1640     0.987600
    1641     0.987540
    1642     0.987480
    1643     0.987420
    1644     0.987360
    1645     0.987300
    1646     0.987240
    1647     0.987180
    1648     0.987120
    1649     0.987060
    1650     0.987000
    1651     0.986980
    1652     0.986960
    1653     0.986940
    1654     0.986920
    1655     0.986900
    1656     0.986880
    1657     0.986860
    1658     0.986840
    1659     0.986820
    1660     0.986800
    1661     0.986780
    1662     0.986760
    1663     0.986740
    1664     0.986720
    1665     0.986700
    1666     0.986680
    1667     0.986660
    1668     0.986640
    1669     0.986620
    1670     0.986600
    1671     0.986580
    1672     0.986560
    1673     0.986540
    1674     0.986520
    1675     0.986500
    1676     0.986480
    1677     0.986460
    1678     0.986440
    1679     0.986420
    1680     0.986400
    1681     0.986380
    1682     0.986360
    1683     0.986340
    1684     0.986320
    1685     0.986300
    1686     0.986280
    1687     0.986260
    1688     0.986240
    1689     0.986220
    1690     0.986200
    1691     0.986180
    1692     0.986160
    1693     0.986140
    1694     0.986120
    1695     0.986100
    1696     0.986080
    1697     0.986060
    1698     0.986040
    1699     0.986020
    1700     0.986000
    1701     0.986020
    1702     0.986040
    1703     0.986060
    1704     0.986080
    1705     0.986100
    1706     0.986120
    1707     0.986140
    1708     0.986160
    1709     0.986180
    1710     0.986200
    1711     0.986220
    1712     0.986240
    1713     0.986260
    1714     0.986280
    1715     0.986300
    1716     0.986320
    1717     0.986340
    1718     0.986360
    1719     0.986380
    1720     0.986400
    1721     0.986420
    1722     0.986440
    1723     0.986460
    1724     0.986480
    1725     0.986500
    1726     0.986520
    1727     0.986540
    1728     0.986560
    1729     0.986580
    1730     0.986600
    1731     0.986620
    1732     0.986640
    1733     0.986660
    1734     0.986680
    1735     0.986700
    1736     0.986720
    1737     0.986740
    1738     0.986760
    1739     0.986780
    1740     0.986800
    1741     0.986820
    1742     0.986840
    1743     0.986860
    1744     0.986880
    1745     0.986900
    1746     0.986920
    1747     0.986940
    1748     0.986960
    1749     0.986980
    1750     0.987000
    1751     0.987020
    1752     0.987040
    1753     0.987060
    1754     0.987080
    1755     0.987100
    1756     0.987120
    1757     0.987140
    1758     0.987160
    1759     0.987180
    1760     0.987200
    1761     0.987220
    1762     0.987240
    1763     0.987260
    1764     0.987280
    1765     0.987300
    1766     0.987320
    1767     0.987340
    1768     0.987360
    1769     0.987380
    1770     0.987400
    1771     0.987420
    1772     0.987440
    1773     0.987460
    1774     0.987480
    1775     0.987500
    1776     0.987520
    1777     0.987540
    1778     0.987560
    1779     0.987580
    1780     0.987600
    1781     0.987620
    1782     0.987640
    1783     0.987660
    1784     0.987680
    1785     0.987700
    1786     0.987720
    1787     0.987740
    1788     0.987760
    1789     0.987780
    1790     0.987800
    1791     0.987820
    1792     0.987840
    1793     0.987860
    1794     0.987880
    1795     0.987900
    1796     0.987920
    1797     0.987940
    1798     0.987960
    1799     0.987980
    1800     0.988000
    1801     0.987880
    1802     0.987760
    1803     0.987640
    1804     0.987520
    1805     0.987400
    1806     0.987280
    1807     0.987160
    1808     0.987040
    1809     0.986920
    1810     0.986800
    1811     0.986680
    1812     0.986560
    1813     0.986440
    1814     0.986320
    1815     0.986200
    1816     0.986080
    1817     0.985960
    1818     0.985840
    1819     0.985720
    1820     0.985600
    1821     0.985480
    1822     0.985360
    1823     0.985240
    1824     0.985120
    1825     0.985000
    1826     0.984880
    1827     0.984760
    1828     0.984640
    1829     0.984520
    1830     0.984400
    1831     0.984280
    1832     0.984160
    1833     0.984040
    1834     0.983920
    1835     0.983800
    1836     0.983680
    1837     0.983560
    1838     0.983440
    1839     0.983320
    1840     0.983200
    1841     0.983080
    1842     0.982960
    1843     0.982840
    1844     0.982720
    1845     0.982600
    1846     0.982480
    1847     0.982360
    1848     0.982240
    1849     0.982120
    1850     0.982000
    1851     0.981980
    1852     0.981960
    1853     0.981940
    1854     0.981920
    1855     0.981900
    1856     0.981880
    1857     0.981860
    1858     0.981840
    1859     0.981820
    1860     0.981800
    1861     0.981780
    1862     0.981760
    1863     0.981740
    1864     0.981720
    1865     0.981700
    1866     0.981680
    1867     0.981660
    1868     0.981640
    1869     0.981620
    1870     0.981600
    1871     0.981580
    1872     0.981560
    1873     0.981540
    1874     0.981520
    1875     0.981500
    1876     0.981480
    1877     0.981460
    1878     0.981440
    1879     0.981420
    1880     0.981400
    1881     0.981380
    1882     0.981360
    1883     0.981340
    1884     0.981320
    1885     0.981300
    1886     0.981280
    1887     0.981260
    1888     0.981240
    1889     0.981220
    1890     0.981200
    1891     0.981180
    1892     0.981160
    1893     0.981140
    1894     0.981120
    1895     0.981100
    1896     0.981080
    1897     0.981060
    1898     0.981040
    1899     0.981020
    1900     0.981000
    1901     0.980960
    1902     0.980920
    1903     0.980880
    1904     0.980840
    1905     0.980800
    1906     0.980760
    1907     0.980720
    1908     0.980680
    1909     0.980640
    1910     0.980600
    1911     0.980560
    1912     0.980520
    1913     0.980480
    1914     0.980440
    1915     0.980400
    1916     0.980360
    1917     0.980320
    1918     0.980280
    1919     0.980240
    1920     0.980200
    1921     0.980160
    1922     0.980120
    1923     0.980080
    1924     0.980040
    1925     0.980000
    1926     0.979960
    1927     0.979920
    1928     0.979880
    1929     0.979840
    1930     0.979800
    1931     0.979760
    1932     0.979720
    1933     0.979680
    1934     0.979640
    1935     0.979600
    1936     0.979560
    1937     0.979520
    1938     0.979480
    1939     0.979440
    1940     0.979400
    1941     0.979360
    1942     0.979320
    1943     0.979280
    1944     0.979240
    1945     0.979200
    1946     0.979160
    1947     0.979120
    1948     0.979080
    1949     0.979040
    1950     0.979000
    1951     0.978920
    1952     0.978840
    1953     0.978760
    1954     0.978680
    1955     0.978600
    1956     0.978520
    1957     0.978440
    1958     0.978360
    1959     0.978280
    1960     0.978200
    1961     0.978120
    1962     0.978040
    1963     0.977960
    1964     0.977880
    1965     0.977800
    1966     0.977720
    1967     0.977640
    1968     0.977560
    1969     0.977480
    1970     0.977400
    1971     0.977320
    1972     0.977240
    1973     0.977160
    1974     0.977080
    1975     0.977000
    1976     0.976920
    1977     0.976840
    1978     0.976760
    1979     0.976680
    1980     0.976600
    1981     0.976520
    1982     0.976440
    1983     0.976360
    1984     0.976280
    1985     0.976200
    1986     0.976120
    1987     0.976040
    1988     0.975960
    1989     0.975880
    1990     0.975800
    1991     0.975720
    1992     0.975640
    1993     0.975560
    1994     0.975480
    1995     0.975400
    1996     0.975320
    1997     0.975240
    1998     0.975160
    1999     0.975080
    2000     0.975000
    2001     0.974780
    2002     0.974560
    2003     0.974340
    2004     0.974120
    2005     0.973900
    2006     0.973680
    2007     0.973460
    2008     0.973240
    2009     0.973020
    2010     0.972800
    2011     0.972580
    2012     0.972360
    2013     0.972140
    2014     0.971920
    2015     0.971700
    2016     0.971480
    2017     0.971260
    2018     0.971040
    2019     0.970820
    2020     0.970600
    2021     0.970380
    2022     0.970160
    2023     0.969940
    2024     0.969720
    2025     0.969500
    2026     0.969280
    2027     0.969060
    2028     0.968840
    2029     0.968620
    2030     0.968400
    2031     0.968180
    2032     0.967960
    2033     0.967740
    2034     0.967520
    2035     0.967300
    2036     0.967080
    2037     0.966860
    2038     0.966640
    2039     0.966420
    2040     0.966200
    2041     0.965980
    2042     0.965760
    2043     0.965540
    2044     0.965320
    2045     0.965100
    2046     0.964880
    2047     0.964660
    2048     0.964440
    2049     0.964220
    2050     0.964000
    2051     0.963880
    2052     0.963760
    2053     0.963640
    2054     0.963520
    2055     0.963400
    2056     0.963280
    2057     0.963160
    2058     0.963040
    2059     0.962920
    2060     0.962800
    2061     0.962680
    2062     0.962560
    2063     0.962440
    2064     0.962320
    2065     0.962200
    2066     0.962080
    2067     0.961960
    2068     0.961840
    2069     0.961720
    2070     0.961600
    2071     0.961480
    2072     0.961360
    2073     0.961240
    2074     0.961120
    2075     0.961000
    2076     0.960880
    2077     0.960760
    2078     0.960640
    2079     0.960520
    2080     0.960400
    2081     0.960280
    2082     0.960160
    2083     0.960040
    2084     0.959920
    2085     0.959800
    2086     0.959680
    2087     0.959560
    2088     0.959440
    2089     0.959320
    2090     0.959200
    2091     0.959080
    2092     0.958960
    2093     0.958840
    2094     0.958720
    2095     0.958600
    2096     0.958480
    2097     0.958360
    2098     0.958240
    2099     0.958120
    2100     0.958000
    2101     0.957920
    2102     0.957840
    2103     0.957760
    2104     0.957680
    2105     0.957600
    2106     0.957520
    2107     0.957440
    2108     0.957360
    2109     0.957280
    2110     0.957200
    2111     0.957120
    2112     0.957040
    2113     0.956960
    2114     0.956880
    2115     0.956800
    2116     0.956720
    2117     0.956640
    2118     0.956560
    2119     0.956480
    2120     0.956400
    2121     0.956320
    2122     0.956240
    2123     0.956160
    2124     0.956080
    2125     0.956000
    2126     0.955920
    2127     0.955840
    2128     0.955760
    2129     0.955680
    2130     0.955600
    2131     0.955520
    2132     0.955440
    2133     0.955360
    2134     0.955280
    2135     0.955200
    2136     0.955120
    2137     0.955040
    2138     0.954960
    2139     0.954880
    2140     0.954800
    2141     0.954720
    2142     0.954640
    2143     0.954560
    2144     0.954480
    2145     0.954400
    2146     0.954320
    2147     0.954240
    2148     0.954160
    2149     0.954080
    2150     0.954000
    2151     0.954280
    2152     0.954560
    2153     0.954840
    2154     0.955120
    2155     0.955400
    2156     0.955680
    2157     0.955960
    2158     0.956240
    2159     0.956520
    2160     0.956800
    2161     0.957080
    2162     0.957360
    2163     0.957640
    2164     0.957920
    2165     0.958200
    2166     0.958480
    2167     0.958760
    2168     0.959040
    2169     0.959320
    2170     0.959600
    2171     0.959880
    2172     0.960160
    2173     0.960440
    2174     0.960720
    2175     0.961000
    2176     0.961280
    2177     0.961560
    2178     0.961840
    2179     0.962120
    2180     0.962400
    2181     0.962680
    2182     0.962960
    2183     0.963240
    2184     0.963520
    2185     0.963800
    2186     0.964080
    2187     0.964360
    2188     0.964640
    2189     0.964920
    2190     0.965200
    2191     0.965480
    2192     0.965760
    2193     0.966040
    2194     0.966320
    2195     0.966600
    2196     0.966880
    2197     0.967160
    2198     0.967440
    2199     0.967720
    2200     0.968000
    2201     0.967980
    2202     0.967960
    2203     0.967940
    2204     0.967920
    2205     0.967900
    2206     0.967880
    2207     0.967860
    2208     0.967840
    2209     0.967820
    2210     0.967800
    2211     0.967780
    2212     0.967760
    2213     0.967740
    2214     0.967720
    2215     0.967700
    2216     0.967680
    2217     0.967660
    2218     0.967640
    2219     0.967620
    2220     0.967600
    2221     0.967580
    2222     0.967560
    2223     0.967540
    2224     0.967520
    2225     0.967500
    2226     0.967480
    2227     0.967460
    2228     0.967440
    2229     0.967420
    2230     0.967400
    2231     0.967380
    2232     0.967360
    2233     0.967340
    2234     0.967320
    2235     0.967300
    2236     0.967280
    2237     0.967260
    2238     0.967240
    2239     0.967220
    2240     0.967200
    2241     0.967180
    2242     0.967160
    2243     0.967140
    2244     0.967120
    2245     0.967100
    2246     0.967080
    2247     0.967060
    2248     0.967040
    2249     0.967020
    2250     0.967000
    2251     0.966820
    2252     0.966640
    2253     0.966460
    2254     0.966280
    2255     0.966100
    2256     0.965920
    2257     0.965740
    2258     0.965560
    2259     0.965380
    2260     0.965200
    2261     0.965020
    2262     0.964840
    2263     0.964660
    2264     0.964480
    2265     0.964300
    2266     0.964120
    2267     0.963940
    2268     0.963760
    2269     0.963580
    2270     0.963400
    2271     0.963220
    2272     0.963040
    2273     0.962860
    2274     0.962680
    2275     0.962500
    2276     0.962320
    2277     0.962140
    2278     0.961960
    2279     0.961780
    2280     0.961600
    2281     0.961420
    2282     0.961240
    2283     0.961060
    2284     0.960880
    2285     0.960700
    2286     0.960520
    2287     0.960340
    2288     0.960160
    2289     0.959980
    2290     0.959800
    2291     0.959620
    2292     0.959440
    2293     0.959260
    2294     0.959080
    2295     0.958900
    2296     0.958720
    2297     0.958540
    2298     0.958360
    2299     0.958180
    2300     0.958000
    2301     0.957900
    2302     0.957800
    2303     0.957700
    2304     0.957600
    2305     0.957500
    2306     0.957400
    2307     0.957300
    2308     0.957200
    2309     0.957100
    2310     0.957000
    2311     0.956900
    2312     0.956800
    2313     0.956700
    2314     0.956600
    2315     0.956500
    2316     0.956400
    2317     0.956300
    2318     0.956200
    2319     0.956100
    2320     0.956000
    2321     0.955900
    2322     0.955800
    2323     0.955700
    2324     0.955600
    2325     0.955500
    2326     0.955400
    2327     0.955300
    2328     0.955200
    2329     0.955100
    2330     0.955000
    2331     0.954900
    2332     0.954800
    2333     0.954700
    2334     0.954600
    2335     0.954500
    2336     0.954400
    2337     0.954300
    2338     0.954200
    2339     0.954100
    2340     0.954000
    2341     0.953900
    2342     0.953800
    2343     0.953700
    2344     0.953600
    2345     0.953500
    2346     0.953400
    2347     0.953300
    2348     0.953200
    2349     0.953100
    2350     0.953000
    2351     0.952920
    2352     0.952840
    2353     0.952760
    2354     0.952680
    2355     0.952600
    2356     0.952520
    2357     0.952440
    2358     0.952360
    2359     0.952280
    2360     0.952200
    2361     0.952120
    2362     0.952040
    2363     0.951960
    2364     0.951880
    2365     0.951800
    2366     0.951720
    2367     0.951640
    2368     0.951560
    2369     0.951480
    2370     0.951400
    2371     0.951320
    2372     0.951240
    2373     0.951160
    2374     0.951080
    2375     0.951000
    2376     0.950920
    2377     0.950840
    2378     0.950760
    2379     0.950680
    2380     0.950600
    2381     0.950520
    2382     0.950440
    2383     0.950360
    2384     0.950280
    2385     0.950200
    2386     0.950120
    2387     0.950040
    2388     0.949960
    2389     0.949880
    2390     0.949800
    2391     0.949720
    2392     0.949640
    2393     0.949560
    2394     0.949480
    2395     0.949400
    2396     0.949320
    2397     0.949240
    2398     0.949160
    2399     0.949080
    2400     0.949000
    2401     0.949000
    2402     0.949000
    2403     0.949000
    2404     0.949000
    2405     0.949000
    2406     0.949000
    2407     0.949000
    2408     0.949000
    2409     0.949000
    2410     0.949000
    2411     0.949000
    2412     0.949000
    2413     0.949000
    2414     0.949000
    2415     0.949000
    2416     0.949000
    2417     0.949000
    2418     0.949000
    2419     0.949000
    2420     0.949000
    2421     0.949000
    2422     0.949000
    2423     0.949000
    2424     0.949000
    2425     0.949000
    2426     0.949000
    2427     0.949000
    2428     0.949000
    2429     0.949000
    2430     0.949000
    2431     0.949000
    2432     0.949000
    2433     0.949000
    2434     0.949000
    2435     0.949000
    2436     0.949000
    2437     0.949000
    2438     0.949000
    2439     0.949000
    2440     0.949000
    2441     0.949000
    2442     0.949000
    2443     0.949000
    2444     0.949000
    2445     0.949000
    2446     0.949000
    2447     0.949000
    2448     0.949000
    2449     0.949000
    2450     0.949000
    2451     0.949080
    2452     0.949160
    2453     0.949240
    2454     0.949320
    2455     0.949400
    2456     0.949480
    2457     0.949560
    2458     0.949640
    2459     0.949720
    2460     0.949800
    2461     0.949880
    2462     0.949960
    2463     0.950040
    2464     0.950120
    2465     0.950200
    2466     0.950280
    2467     0.950360
    2468     0.950440
    2469     0.950520
    2470     0.950600
    2471     0.950680
    2472     0.950760
    2473     0.950840
    2474     0.950920
    2475     0.951000
    2476     0.951080
    2477     0.951160
    2478     0.951240
    2479     0.951320
    2480     0.951400
    2481     0.951480
    2482     0.951560
    2483     0.951640
    2484     0.951720
    2485     0.951800
    2486     0.951880
    2487     0.951960
    2488     0.952040
    2489     0.952120
    2490     0.952200
    2491     0.952280
    2492     0.952360
    2493     0.952440
    2494     0.952520
    2495     0.952600
    2496     0.952680
    2497     0.952760
    2498     0.952840
    2499     0.952920
    2500     0.953000
