     250   1.4066750e-08
     251   1.4918900e-08
     252   1.5812930e-08
     253   1.6750610e-08
     254   1.7733750e-08
     255   1.8764120e-08
     256   1.9843500e-08
     257   2.0973690e-08
     258   2.2156480e-08
     259   2.3393640e-08
     260   2.4686960e-08
     261   2.6038230e-08
     262   2.7449240e-08
     263   2.8921770e-08
     264   3.0457600e-08
     265   3.2058530e-08
     266   3.3726340e-08
     267   3.5462810e-08
     268   3.7269740e-08
     269   3.9148900e-08
     270   4.1102080e-08
     271   4.3120570e-08
     272   4.5217300e-08
     273   4.7394680e-08
     274   4.9655130e-08
     275   5.2001080e-08
     276   5.4434950e-08
     277   5.6959170e-08
     278   5.9576150e-08
     279   6.2288310e-08
     280   6.5098090e-08
     281   6.8007960e-08
     282   7.1020270e-08
     283   7.4137460e-08
     284   7.7361930e-08
     285   8.0696110e-08
     286   8.4142420e-08
     287   8.7703260e-08
     288   9.1381080e-08
     289   9.5178270e-08
     290   9.9097260e-08
     291   1.0314630e-07
     292   1.0732160e-07
     293   1.1162530e-07
     294   1.1605930e-07
     295   1.2062590e-07
     296   1.2532700e-07
     297   1.3016470e-07
     298   1.3514120e-07
     299   1.4025830e-07
     300   1.4551830e-07
     301   1.5089620e-07
     302   1.5642260e-07
     303   1.6210140e-07
     304   1.6793610e-07
     305   1.7393050e-07
     306   1.8008840e-07
     307   1.8641330e-07
     308   1.9290900e-07
     309   1.9957920e-07
     310   2.0642760e-07
     311   2.1346310e-07
     312   2.2068390e-07
     313   2.2809330e-07
     314   2.3569490e-07
     315   2.4349180e-07
     316   2.5148770e-07
     317   2.5968580e-07
     318   2.6808950e-07
     319   2.7670220e-07
     320   2.8552730e-07
     321   2.9461040e-07
     322   3.0391000e-07
     323   3.1342720e-07
     324   3.2316260e-07
     325   3.3311720e-07
     326   3.4329170e-07
     327   3.5368710e-07
     328   3.6430410e-07
     329   3.7514350e-07
     330   3.8620630e-07
     331   3.9744590e-07
     332   4.0891340e-07
     333   4.2061250e-07
     334   4.3254680e-07
     335   4.4472000e-07
     336   4.5713590e-07
     337   4.6979810e-07
     338   4.8271030e-07
     339   4.9587630e-07
     340   5.0929980e-07
     341   5.2303040e-07
     342   5.3702310e-07
     343   5.5127870e-07
     344   5.6579820e-07
     345   5.8058250e-07
     346   5.9563260e-07
     347   6.1094920e-07
     348   6.2653340e-07
     349   6.4238600e-07
     350   6.5850790e-07
     351   6.7490620e-07
     352   6.9157520e-07
     353   7.0851570e-07
     354   7.2572800e-07
     355   7.4321280e-07
     356   7.6097050e-07
     357   7.7900180e-07
     358   7.9730710e-07
     359   8.1588710e-07
     360   8.3474220e-07
     361   8.5378590e-07
     362   8.7311110e-07
     363   8.9272370e-07
     364   9.1262950e-07
     365   9.3283420e-07
     366   9.5334380e-07
     367   9.7416410e-07
     368   9.9530080e-07
     369   1.0167600e-06
     370   1.0385470e-06
     371   1.0607440e-06
     372   1.0832760e-06
     373   1.1061450e-06
     374   1.1293510e-06
     375   1.1528970e-06
     376   1.1767820e-06
     377   1.2010080e-06
     378   1.2255770e-06
     379   1.2504900e-06
     380   1.2757470e-06
     381   1.3015340e-06
     382   1.3276560e-06
     383   1.3541050e-06
     384   1.3808710e-06
     385   1.4079430e-06
     386   1.4353120e-06
     387   1.4629680e-06
     388   1.4909010e-06
     389   1.5191010e-06
     390   1.5475580e-06
     391   1.5759160e-06
     392   1.6045320e-06
     393   1.6334180e-06
     394   1.6625840e-06
     395   1.6920430e-06
     396   1.7218050e-06
     397   1.7518810e-06
     398   1.7822830e-06
     399   1.8130210e-06
     400   1.8441070e-06
     401   1.8757660e-06
     402   1.9077830e-06
     403   1.9401540e-06
     404   1.9728800e-06
     405   2.0059560e-06
     406   2.0393830e-06
     407   2.0731580e-06
     408   2.1072790e-06
     409   2.1417440e-06
     410   2.1765520e-06
     411   2.2117010e-06
     412   2.2471880e-06
     413   2.2830130e-06
     414   2.3191730e-06
     415   2.3556660e-06
     416   2.3924910e-06
     417   2.4296460e-06
     418   2.4671290e-06
     419   2.5049380e-06
     420   2.5430710e-06
     421   2.5815270e-06
     422   2.6203040e-06
     423   2.6593990e-06
     424   2.6988120e-06
     425   2.7385400e-06
     426   2.7785810e-06
     427   2.8189340e-06
     428   2.8595970e-06
     429   2.9005670e-06
     430   2.9418440e-06
     431   2.9834250e-06
     432   3.0253090e-06
     433   3.0674930e-06
     434   3.1099760e-06
     435   3.1527560e-06
     436   3.1958320e-06
     437   3.2392010e-06
     438   3.2828610e-06
     439   3.3268110e-06
     440   3.3710490e-06
     441   3.4155280e-06
     442   3.4602940e-06
     443   3.5053480e-06
     444   3.5506900e-06
     445   3.5963230e-06
     446   3.6422460e-06
     447   3.6884610e-06
     448   3.7349680e-06
     449   3.7817690e-06
     450   3.8288640e-06
     451   3.8763560e-06
     452   3.9241390e-06
     453   3.9722060e-06
     454   4.0205530e-06
     455   4.0691740e-06
     456   4.1180640e-06
     457   4.1672180e-06
     458   4.2166300e-06
     459   4.2662960e-06
     460   4.3162100e-06
     461   4.3663210e-06
     462   4.4166730e-06
     463   4.4672630e-06
     464   4.5180880e-06
     465   4.5691450e-06
     466   4.6204330e-06
     467   4.6719490e-06
     468   4.7236900e-06
     469   4.7756540e-06
     470   4.8278380e-06
     471   4.8802400e-06
     472   4.9328570e-06
     473   4.9856870e-06
     474   5.0387270e-06
     475   5.0919750e-06
     476   5.1454280e-06
     477   5.1990830e-06
     478   5.2529390e-06
     479   5.3069930e-06
     480   5.3612420e-06
     481   5.4156840e-06
     482   5.4703150e-06
     483   5.5251350e-06
     484   5.5801390e-06
     485   5.6353260e-06
     486   5.6906940e-06
     487   5.7462390e-06
     488   5.8019590e-06
     489   5.8578520e-06
     490   5.9139150e-06
     491   5.9701410e-06
     492   6.0265320e-06
     493   6.0830860e-06
     494   6.1398010e-06
     495   6.1966750e-06
     496   6.2537060e-06
     497   6.3108910e-06
     498   6.3682280e-06
     499   6.4257160e-06
     500   6.4833510e-06
     501   6.5411430e-06
     502   6.5990780e-06
     503   6.6571520e-06
     504   6.7153640e-06
     505   6.7737100e-06
     506   6.8321870e-06
     507   6.8907920e-06
     508   6.9495230e-06
     509   7.0083770e-06
     510   7.0673500e-06
     511   7.1264350e-06
     512   7.1856350e-06
     513   7.2449470e-06
     514   7.3043680e-06
     515   7.3638950e-06
     516   7.4235260e-06
     517   7.4832590e-06
     518   7.5430910e-06
     519   7.6030190e-06
     520   7.6630410e-06
     521   7.7231540e-06
     522   7.7833560e-06
     523   7.8436430e-06
     524   7.9040140e-06
     525   7.9644660e-06
     526   8.0249970e-06
     527   8.0856030e-06
     528   8.1462820e-06
     529   8.2070310e-06
     530   8.2678490e-06
     531   8.3287320e-06
     532   8.3896780e-06
     533   8.4506840e-06
     534   8.5117480e-06
     535   8.5728670e-06
     536   8.6340390e-06
     537   8.6952600e-06
     538   8.7565290e-06
     539   8.8178430e-06
     540   8.8791990e-06
     541   8.9406060e-06
     542   9.0020500e-06
     543   9.0635270e-06
     544   9.1250340e-06
     545   9.1865670e-06
     546   9.2481230e-06
     547   9.3096990e-06
     548   9.3712920e-06
     549   9.4328980e-06
     550   9.4945140e-06
     551   9.5561200e-06
     552   9.6177310e-06
     553   9.6793440e-06
     554   9.7409570e-06
     555   9.8025670e-06
     556   9.8641720e-06
     557   9.9257700e-06
     558   9.9873590e-06
     559   1.0048940e-05
     560   1.0110500e-05
     561   1.0172030e-05
     562   1.0233550e-05
     563   1.0295050e-05
     564   1.0356520e-05
     565   1.0417980e-05
     566   1.0479410e-05
     567   1.0540810e-05
     568   1.0602190e-05
     569   1.0663540e-05
     570   1.0724860e-05
     571   1.0786160e-05
     572   1.0847430e-05
     573   1.0908660e-05
     574   1.0969860e-05
     575   1.1031010e-05
     576   1.1092120e-05
     577   1.1153190e-05
     578   1.1214210e-05
     579   1.1275190e-05
     580   1.1336110e-05
     581   1.1396980e-05
     582   1.1457790e-05
     583   1.1518550e-05
     584   1.1579250e-05
     585   1.1639880e-05
     586   1.1700450e-05
     587   1.1760960e-05
     588   1.1821390e-05
     589   1.1881760e-05
     590   1.1942050e-05
     591   1.2002310e-05
     592   1.2062500e-05
     593   1.2122590e-05
     594   1.2182600e-05
     595   1.2242510e-05
     596   1.2302320e-05
     597   1.2362030e-05
     598   1.2421620e-05
     599   1.2481100e-05
     600   1.2540460e-05
     601   1.2599590e-05
     602   1.2658600e-05
     603   1.2717490e-05
     604   1.2776250e-05
     605   1.2834890e-05
     606   1.2893410e-05
     607   1.2951820e-05
     608   1.3010100e-05
     609   1.3068270e-05
     610   1.3126320e-05
     611   1.3184300e-05
     612   1.3242160e-05
     613   1.3299900e-05
     614   1.3357530e-05
     615   1.3415030e-05
     616   1.3472410e-05
     617   1.3529670e-05
     618   1.3586800e-05
     619   1.3643800e-05
     620   1.3700680e-05
     621   1.3757430e-05
     622   1.3814040e-05
     623   1.3870520e-05
     624   1.3926870e-05
     625   1.3983070e-05
     626   1.4039150e-05
     627   1.4095080e-05
     628   1.4150870e-05
     629   1.4206520e-05
     630   1.4262020e-05
     631   1.4317380e-05
     632   1.4372590e-05
     633   1.4427650e-05
     634   1.4482560e-05
     635   1.4537320e-05
     636   1.4591930e-05
     637   1.4646380e-05
     638   1.4700670e-05
     639   1.4754810e-05
     640   1.4808790e-05
     641   1.4862640e-05
     642   1.4916330e-05
     643   1.4969860e-05
     644   1.5023210e-05
     645   1.5076380e-05
     646   1.5129370e-05
     647   1.5182190e-05
     648   1.5234810e-05
     649   1.5287240e-05
     650   1.5339480e-05
     651   1.5391460e-05
     652   1.5443250e-05
     653   1.5494840e-05
     654   1.5546220e-05
     655   1.5597410e-05
     656   1.5648400e-05
     657   1.5699180e-05
     658   1.5749770e-05
     659   1.5800150e-05
     660   1.5850330e-05
     661   1.5900280e-05
     662   1.5950030e-05
     663   1.5999570e-05
     664   1.6048920e-05
     665   1.6098080e-05
     666   1.6147030e-05
     667   1.6195800e-05
     668   1.6244370e-05
     669   1.6292750e-05
     670   1.6340940e-05
     671   1.6388980e-05
     672   1.6436820e-05
     673   1.6484480e-05
     674   1.6531950e-05
     675   1.6579230e-05
     676   1.6626310e-05
     677   1.6673210e-05
     678   1.6719920e-05
     679   1.6766430e-05
     680   1.6812750e-05
     681   1.6858880e-05
     682   1.6904810e-05
     683   1.6950550e-05
     684   1.6996100e-05
     685   1.7041450e-05
     686   1.7086600e-05
     687   1.7131560e-05
     688   1.7176330e-05
     689   1.7220890e-05
     690   1.7265260e-05
     691   1.7309540e-05
     692   1.7353610e-05
     693   1.7397470e-05
     694   1.7441110e-05
     695   1.7484520e-05
     696   1.7527700e-05
     697   1.7570640e-05
     698   1.7613340e-05
     699   1.7655780e-05
     700   1.7697960e-05
     701   1.7739670e-05
     702   1.7781120e-05
     703   1.7822320e-05
     704   1.7863260e-05
     705   1.7903950e-05
     706   1.7944410e-05
     707   1.7984630e-05
     708   1.8024610e-05
     709   1.8064380e-05
     710   1.8103920e-05
     711   1.8143330e-05
     712   1.8182530e-05
     713   1.8221510e-05
     714   1.8260280e-05
     715   1.8298830e-05
     716   1.8337170e-05
     717   1.8375300e-05
     718   1.8413220e-05
     719   1.8450920e-05
     720   1.8488410e-05
     721   1.8525690e-05
     722   1.8562760e-05
     723   1.8599610e-05
     724   1.8636260e-05
     725   1.8672690e-05
     726   1.8708920e-05
     727   1.8744930e-05
     728   1.8780730e-05
     729   1.8816330e-05
     730   1.8851710e-05
     731   1.8886880e-05
     732   1.8921850e-05
     733   1.8956610e-05
     734   1.8991160e-05
     735   1.9025490e-05
     736   1.9059630e-05
     737   1.9093550e-05
     738   1.9127270e-05
     739   1.9160780e-05
     740   1.9194080e-05
     741   1.9227180e-05
     742   1.9260070e-05
     743   1.9292750e-05
     744   1.9325230e-05
     745   1.9357500e-05
     746   1.9389560e-05
     747   1.9421420e-05
     748   1.9453080e-05
     749   1.9484530e-05
     750   1.9515780e-05
     751   1.9546820e-05
     752   1.9577660e-05
     753   1.9608300e-05
     754   1.9638730e-05
     755   1.9668960e-05
     756   1.9698990e-05
     757   1.9728810e-05
     758   1.9758430e-05
     759   1.9787850e-05
     760   1.9817070e-05
     761   1.9846090e-05
     762   1.9874900e-05
     763   1.9903520e-05
     764   1.9931930e-05
     765   1.9960150e-05
     766   1.9988160e-05
     767   2.0015970e-05
     768   2.0043590e-05
     769   2.0071000e-05
     770   2.0098220e-05
     771   2.0125240e-05
     772   2.0152060e-05
     773   2.0178680e-05
     774   2.0205100e-05
     775   2.0231320e-05
     776   2.0257350e-05
     777   2.0283180e-05
     778   2.0308810e-05
     779   2.0334250e-05
     780   2.0359490e-05
     781   2.0384530e-05
     782   2.0409380e-05
     783   2.0434040e-05
     784   2.0458490e-05
     785   2.0482750e-05
     786   2.0506820e-05
     787   2.0530700e-05
     788   2.0554370e-05
     789   2.0577860e-05
     790   2.0601150e-05
     791   2.0624280e-05
     792   2.0647220e-05
     793   2.0669960e-05
     794   2.0692500e-05
     795   2.0714840e-05
     796   2.0736970e-05
     797   2.0758910e-05
     798   2.0780630e-05
     799   2.0802150e-05
     800   2.0823460e-05
     801   2.0844490e-05
     802   2.0865300e-05
     803   2.0885910e-05
     804   2.0906320e-05
     805   2.0926520e-05
     806   2.0946530e-05
     807   2.0966330e-05
     808   2.0985950e-05
     809   2.1005370e-05
     810   2.1024600e-05
     811   2.1043680e-05
     812   2.1062570e-05
     813   2.1081280e-05
     814   2.1099800e-05
     815   2.1118130e-05
     816   2.1136280e-05
     817   2.1154250e-05
     818   2.1172030e-05
     819   2.1189630e-05
     820   2.1207040e-05
     821   2.1224270e-05
     822   2.1241320e-05
     823   2.1258190e-05
     824   2.1274870e-05
     825   2.1291370e-05
     826   2.1307700e-05
     827   2.1323840e-05
     828   2.1339800e-05
     829   2.1355580e-05
     830   2.1371180e-05
     831   2.1386600e-05
     832   2.1401840e-05
     833   2.1416910e-05
     834   2.1431800e-05
     835   2.1446500e-05
     836   2.1461040e-05
     837   2.1475390e-05
     838   2.1489570e-05
     839   2.1503570e-05
     840   2.1517400e-05
     841   2.1531050e-05
     842   2.1544530e-05
     843   2.1557830e-05
     844   2.1570960e-05
     845   2.1583920e-05
     846   2.1596700e-05
     847   2.1609310e-05
     848   2.1621740e-05
     849   2.1634010e-05
     850   2.1646100e-05
     851   2.1658020e-05
     852   2.1669770e-05
     853   2.1681350e-05
     854   2.1692760e-05
     855   2.1704000e-05
     856   2.1715070e-05
     857   2.1725980e-05
     858   2.1736710e-05
     859   2.1747270e-05
     860   2.1757670e-05
     861   2.1767900e-05
     862   2.1777960e-05
     863   2.1787860e-05
     864   2.1797590e-05
     865   2.1807150e-05
     866   2.1816550e-05
     867   2.1825780e-05
     868   2.1834850e-05
     869   2.1843750e-05
     870   2.1852490e-05
     871   2.1861070e-05
     872   2.1869480e-05
     873   2.1877730e-05
     874   2.1885810e-05
     875   2.1893740e-05
     876   2.1901500e-05
     877   2.1909110e-05
     878   2.1916550e-05
     879   2.1923830e-05
     880   2.1930950e-05
     881   2.1937910e-05
     882   2.1944710e-05
     883   2.1951360e-05
     884   2.1957840e-05
     885   2.1964170e-05
     886   2.1970340e-05
     887   2.1976350e-05
     888   2.1982210e-05
     889   2.1987910e-05
     890   2.1993450e-05
     891   2.1998930e-05
     892   2.2004250e-05
     893   2.2009400e-05
     894   2.2014380e-05
     895   2.2019190e-05
     896   2.2023810e-05
     897   2.2028250e-05
     898   2.2032490e-05
     899   2.2036540e-05
     900   2.2040380e-05
     901   2.2043830e-05
     902   2.2047090e-05
     903   2.2050140e-05
     904   2.2053010e-05
     905   2.2055690e-05
     906   2.2058190e-05
     907   2.2060520e-05
     908   2.2062680e-05
     909   2.2064680e-05
     910   2.2066530e-05
     911   2.2068310e-05
     912   2.2069950e-05
     913   2.2071430e-05
     914   2.2072770e-05
     915   2.2073960e-05
     916   2.2075010e-05
     917   2.2075910e-05
     918   2.2076660e-05
     919   2.2077270e-05
     920   2.2077740e-05
     921   2.2078060e-05
     922   2.2078240e-05
     923   2.2078280e-05
     924   2.2078180e-05
     925   2.2077930e-05
     926   2.2077550e-05
     927   2.2077020e-05
     928   2.2076360e-05
     929   2.2075560e-05
     930   2.2074620e-05
     931   2.2073540e-05
     932   2.2072330e-05
     933   2.2070980e-05
     934   2.2069500e-05
     935   2.2067880e-05
     936   2.2066120e-05
     937   2.2064240e-05
     938   2.2062220e-05
     939   2.2060060e-05
     940   2.2057780e-05
     941   2.2055360e-05
     942   2.2052820e-05
     943   2.2050140e-05
     944   2.2047340e-05
     945   2.2044400e-05
     946   2.2041340e-05
     947   2.2038150e-05
     948   2.2034830e-05
     949   2.2031390e-05
     950   2.2027820e-05
     951   2.2024130e-05
     952   2.2020310e-05
     953   2.2016370e-05
     954   2.2012300e-05
     955   2.2008110e-05
     956   2.2003810e-05
     957   2.1999370e-05
     958   2.1994820e-05
     959   2.1990150e-05
     960   2.1985360e-05
     961   2.1980450e-05
     962   2.1975420e-05
     963   2.1970270e-05
     964   2.1965010e-05
     965   2.1959630e-05
     966   2.1954130e-05
     967   2.1948520e-05
     968   2.1942790e-05
     969   2.1936950e-05
     970   2.1931000e-05
     971   2.1924930e-05
     972   2.1918750e-05
     973   2.1912460e-05
     974   2.1906060e-05
     975   2.1899550e-05
     976   2.1892930e-05
     977   2.1886190e-05
     978   2.1879350e-05
     979   2.1872410e-05
     980   2.1865350e-05
     981   2.1858190e-05
     982   2.1850920e-05
     983   2.1843540e-05
     984   2.1836070e-05
     985   2.1828480e-05
     986   2.1820790e-05
     987   2.1813000e-05
     988   2.1805110e-05
     989   2.1797120e-05
     990   2.1789020e-05
     991   2.1780820e-05
     992   2.1772530e-05
     993   2.1764130e-05
     994   2.1755630e-05
     995   2.1747040e-05
     996   2.1738350e-05
     997   2.1729560e-05
     998   2.1720680e-05
     999   2.1711700e-05
    1000   2.1702620e-05
    1001   2.1693450e-05
    1002   2.1684180e-05
    1003   2.1674830e-05
    1004   2.1665370e-05
    1005   2.1655830e-05
    1006   2.1646200e-05
    1007   2.1636470e-05
    1008   2.1626650e-05
    1009   2.1616750e-05
    1010   2.1606750e-05
    1011   2.1596670e-05
    1012   2.1586490e-05
    1013   2.1576230e-05
    1014   2.1565890e-05
    1015   2.1555450e-05
    1016   2.1544940e-05
    1017   2.1534330e-05
    1018   2.1523650e-05
    1019   2.1512870e-05
    1020   2.1502020e-05
    1021   2.1491080e-05
    1022   2.1480060e-05
    1023   2.1468960e-05
    1024   2.1457780e-05
    1025   2.1446520e-05
    1026   2.1435180e-05
    1027   2.1423760e-05
    1028   2.1412270e-05
    1029   2.1400690e-05
    1030   2.1389040e-05
    1031   2.1377310e-05
    1032   2.1365510e-05
    1033   2.1353630e-05
    1034   2.1341670e-05
    1035   2.1329650e-05
    1036   2.1317550e-05
    1037   2.1305370e-05
    1038   2.1293130e-05
    1039   2.1280810e-05
    1040   2.1268420e-05
    1041   2.1255880e-05
    1042   2.1243270e-05
    1043   2.1230600e-05
    1044   2.1217880e-05
    1045   2.1205110e-05
    1046   2.1192310e-05
    1047   2.1179460e-05
    1048   2.1166590e-05
    1049   2.1153690e-05
    1050   2.1140770e-05
    1051   2.1128020e-05
    1052   2.1115250e-05
    1053   2.1102460e-05
    1054   2.1089630e-05
    1055   2.1076780e-05
    1056   2.1063890e-05
    1057   2.1050950e-05
    1058   2.1037970e-05
    1059   2.1024930e-05
    1060   2.1011830e-05
    1061   2.0998580e-05
    1062   2.0985260e-05
    1063   2.0971880e-05
    1064   2.0958440e-05
    1065   2.0944940e-05
    1066   2.0931370e-05
    1067   2.0917750e-05
    1068   2.0904060e-05
    1069   2.0890310e-05
    1070   2.0876500e-05
    1071   2.0862630e-05
    1072   2.0848700e-05
    1073   2.0834710e-05
    1074   2.0820670e-05
    1075   2.0806560e-05
    1076   2.0792400e-05
    1077   2.0778170e-05
    1078   2.0763900e-05
    1079   2.0749560e-05
    1080   2.0735170e-05
    1081   2.0720720e-05
    1082   2.0706220e-05
    1083   2.0691660e-05
    1084   2.0677050e-05
    1085   2.0662380e-05
    1086   2.0647660e-05
    1087   2.0632890e-05
    1088   2.0618060e-05
    1089   2.0603180e-05
    1090   2.0588250e-05
    1091   2.0573270e-05
    1092   2.0558230e-05
    1093   2.0543140e-05
    1094   2.0528000e-05
    1095   2.0512820e-05
    1096   2.0497580e-05
    1097   2.0482290e-05
    1098   2.0466950e-05
    1099   2.0451570e-05
    1100   2.0436130e-05
    1101   2.0420650e-05
    1102   2.0405110e-05
    1103   2.0389530e-05
    1104   2.0373910e-05
    1105   2.0358240e-05
    1106   2.0342520e-05
    1107   2.0326750e-05
    1108   2.0310940e-05
    1109   2.0295090e-05
    1110   2.0279190e-05
    1111   2.0263250e-05
    1112   2.0247260e-05
    1113   2.0231230e-05
    1114   2.0215160e-05
    1115   2.0199050e-05
    1116   2.0182890e-05
    1117   2.0166690e-05
    1118   2.0150450e-05
    1119   2.0134170e-05
    1120   2.0117850e-05
    1121   2.0101490e-05
    1122   2.0085090e-05
    1123   2.0068640e-05
    1124   2.0052160e-05
    1125   2.0035640e-05
    1126   2.0019090e-05
    1127   2.0002490e-05
    1128   1.9985860e-05
    1129   1.9969190e-05
    1130   1.9952480e-05
    1131   1.9935740e-05
    1132   1.9918960e-05
    1133   1.9902150e-05
    1134   1.9885300e-05
    1135   1.9868410e-05
    1136   1.9851500e-05
    1137   1.9834540e-05
    1138   1.9817560e-05
    1139   1.9800540e-05
    1140   1.9783490e-05
    1141   1.9766390e-05
    1142   1.9749260e-05
    1143   1.9732100e-05
    1144   1.9714910e-05
    1145   1.9697690e-05
    1146   1.9680450e-05
    1147   1.9663190e-05
    1148   1.9645900e-05
    1149   1.9628590e-05
    1150   1.9611260e-05
    1151   1.9593950e-05
    1152   1.9576620e-05
    1153   1.9559270e-05
    1154   1.9541890e-05
    1155   1.9524500e-05
    1156   1.9507080e-05
    1157   1.9489630e-05
    1158   1.9472170e-05
    1159   1.9454670e-05
    1160   1.9437150e-05
    1161   1.9419580e-05
    1162   1.9401990e-05
    1163   1.9384360e-05
    1164   1.9366710e-05
    1165   1.9349040e-05
    1166   1.9331330e-05
    1167   1.9313600e-05
    1168   1.9295850e-05
    1169   1.9278070e-05
    1170   1.9260260e-05
    1171   1.9242430e-05
    1172   1.9224570e-05
    1173   1.9206690e-05
    1174   1.9188780e-05
    1175   1.9170850e-05
    1176   1.9152890e-05
    1177   1.9134920e-05
    1178   1.9116910e-05
    1179   1.9098890e-05
    1180   1.9080840e-05
    1181   1.9062770e-05
    1182   1.9044680e-05
    1183   1.9026560e-05
    1184   1.9008420e-05
    1185   1.8990270e-05
    1186   1.8972090e-05
    1187   1.8953890e-05
    1188   1.8935660e-05
    1189   1.8917420e-05
    1190   1.8899160e-05
    1191   1.8880860e-05
    1192   1.8862540e-05
    1193   1.8844200e-05
    1194   1.8825850e-05
    1195   1.8807480e-05
    1196   1.8789100e-05
    1197   1.8770710e-05
    1198   1.8752310e-05
    1199   1.8733900e-05
    1200   1.8715480e-05
    1201   1.8697090e-05
    1202   1.8678700e-05
    1203   1.8660300e-05
    1204   1.8641900e-05
    1205   1.8623480e-05
    1206   1.8605060e-05
    1207   1.8586620e-05
    1208   1.8568170e-05
    1209   1.8549710e-05
    1210   1.8531240e-05
    1211   1.8512740e-05
    1212   1.8494220e-05
    1213   1.8475690e-05
    1214   1.8457150e-05
    1215   1.8438590e-05
    1216   1.8420020e-05
    1217   1.8401440e-05
    1218   1.8382840e-05
    1219   1.8364230e-05
    1220   1.8345610e-05
    1221   1.8326980e-05
    1222   1.8308330e-05
    1223   1.8289670e-05
    1224   1.8271000e-05
    1225   1.8252320e-05
    1226   1.8233630e-05
    1227   1.8214920e-05
    1228   1.8196210e-05
    1229   1.8177480e-05
    1230   1.8158740e-05
    1231   1.8139990e-05
    1232   1.8121230e-05
    1233   1.8102460e-05
    1234   1.8083680e-05
    1235   1.8064890e-05
    1236   1.8046080e-05
    1237   1.8027270e-05
    1238   1.8008450e-05
    1239   1.7989610e-05
    1240   1.7970770e-05
    1241   1.7951920e-05
    1242   1.7933050e-05
    1243   1.7914180e-05
    1244   1.7895300e-05
    1245   1.7876410e-05
    1246   1.7857510e-05
    1247   1.7838600e-05
    1248   1.7819680e-05
    1249   1.7800760e-05
    1250   1.7781820e-05
    1251   1.7762880e-05
    1252   1.7743920e-05
    1253   1.7724960e-05
    1254   1.7706000e-05
    1255   1.7687020e-05
    1256   1.7668040e-05
    1257   1.7649050e-05
    1258   1.7630050e-05
    1259   1.7611040e-05
    1260   1.7592030e-05
    1261   1.7573010e-05
    1262   1.7553980e-05
    1263   1.7534950e-05
    1264   1.7515910e-05
    1265   1.7496860e-05
    1266   1.7477810e-05
    1267   1.7458750e-05
    1268   1.7439690e-05
    1269   1.7420620e-05
    1270   1.7401540e-05
    1271   1.7382460e-05
    1272   1.7363370e-05
    1273   1.7344280e-05
    1274   1.7325180e-05
    1275   1.7306080e-05
    1276   1.7286970e-05
    1277   1.7267860e-05
    1278   1.7248740e-05
    1279   1.7229620e-05
    1280   1.7210490e-05
    1281   1.7191360e-05
    1282   1.7172220e-05
    1283   1.7153080e-05
    1284   1.7133940e-05
    1285   1.7114790e-05
    1286   1.7095640e-05
    1287   1.7076480e-05
    1288   1.7057330e-05
    1289   1.7038160e-05
    1290   1.7019000e-05
    1291   1.6999790e-05
    1292   1.6980570e-05
    1293   1.6961360e-05
    1294   1.6942160e-05
    1295   1.6922960e-05
    1296   1.6903780e-05
    1297   1.6884610e-05
    1298   1.6865460e-05
    1299   1.6846330e-05
    1300   1.6827220e-05
    1301   1.6808230e-05
    1302   1.6789260e-05
    1303   1.6770310e-05
    1304   1.6751380e-05
    1305   1.6732460e-05
    1306   1.6713560e-05
    1307   1.6694680e-05
    1308   1.6675800e-05
    1309   1.6656930e-05
    1310   1.6638060e-05
    1311   1.6619150e-05
    1312   1.6600250e-05
    1313   1.6581350e-05
    1314   1.6562450e-05
    1315   1.6543550e-05
    1316   1.6524660e-05
    1317   1.6505770e-05
    1318   1.6486880e-05
    1319   1.6467990e-05
    1320   1.6449110e-05
    1321   1.6430230e-05
    1322   1.6411350e-05
    1323   1.6392480e-05
    1324   1.6373610e-05
    1325   1.6354740e-05
    1326   1.6335870e-05
    1327   1.6317010e-05
    1328   1.6298160e-05
    1329   1.6279300e-05
    1330   1.6260450e-05
    1331   1.6241600e-05
    1332   1.6222760e-05
    1333   1.6203920e-05
    1334   1.6185080e-05
    1335   1.6166250e-05
    1336   1.6147420e-05
    1337   1.6128600e-05
    1338   1.6109780e-05
    1339   1.6090960e-05
    1340   1.6072150e-05
    1341   1.6053340e-05
    1342   1.6034540e-05
    1343   1.6015740e-05
    1344   1.5996950e-05
    1345   1.5978160e-05
    1346   1.5959370e-05
    1347   1.5940590e-05
    1348   1.5921820e-05
    1349   1.5903050e-05
    1350   1.5884280e-05
    1351   1.5865520e-05
    1352   1.5846760e-05
    1353   1.5828010e-05
    1354   1.5809270e-05
    1355   1.5790530e-05
    1356   1.5771790e-05
    1357   1.5753060e-05
    1358   1.5734340e-05
    1359   1.5715620e-05
    1360   1.5696910e-05
    1361   1.5678200e-05
    1362   1.5659500e-05
    1363   1.5640800e-05
    1364   1.5622110e-05
    1365   1.5603430e-05
    1366   1.5584750e-05
    1367   1.5566080e-05
    1368   1.5547410e-05
    1369   1.5528750e-05
    1370   1.5510100e-05
    1371   1.5491450e-05
    1372   1.5472810e-05
    1373   1.5454180e-05
    1374   1.5435550e-05
    1375   1.5416930e-05
    1376   1.5398320e-05
    1377   1.5379710e-05
    1378   1.5361110e-05
    1379   1.5342520e-05
    1380   1.5323930e-05
    1381   1.5305350e-05
    1382   1.5286780e-05
    1383   1.5268210e-05
    1384   1.5249660e-05
    1385   1.5231110e-05
    1386   1.5212560e-05
    1387   1.5194030e-05
    1388   1.5175500e-05
    1389   1.5156980e-05
    1390   1.5138470e-05
    1391   1.5119970e-05
    1392   1.5101470e-05
    1393   1.5082980e-05
    1394   1.5064500e-05
    1395   1.5046030e-05
    1396   1.5027560e-05
    1397   1.5009110e-05
    1398   1.4990660e-05
    1399   1.4972220e-05
    1400   1.4953790e-05
    1401   1.4935370e-05
    1402   1.4916950e-05
    1403   1.4898550e-05
    1404   1.4880150e-05
    1405   1.4861760e-05
    1406   1.4843380e-05
    1407   1.4825010e-05
    1408   1.4806650e-05
    1409   1.4788290e-05
    1410   1.4769950e-05
    1411   1.4751620e-05
    1412   1.4733290e-05
    1413   1.4714970e-05
    1414   1.4696670e-05
    1415   1.4678370e-05
    1416   1.4660080e-05
    1417   1.4641810e-05
    1418   1.4623540e-05
    1419   1.4605280e-05
    1420   1.4587030e-05
    1421   1.4568790e-05
    1422   1.4550560e-05
    1423   1.4532340e-05
    1424   1.4514130e-05
    1425   1.4495930e-05
    1426   1.4477740e-05
    1427   1.4459560e-05
    1428   1.4441400e-05
    1429   1.4423240e-05
    1430   1.4405090e-05
    1431   1.4386950e-05
    1432   1.4368830e-05
    1433   1.4350710e-05
    1434   1.4332610e-05
    1435   1.4314520e-05
    1436   1.4296440e-05
    1437   1.4278370e-05
    1438   1.4260310e-05
    1439   1.4242260e-05
    1440   1.4224220e-05
    1441   1.4206190e-05
    1442   1.4188180e-05
    1443   1.4170170e-05
    1444   1.4152180e-05
    1445   1.4134200e-05
    1446   1.4116230e-05
    1447   1.4098270e-05
    1448   1.4080330e-05
    1449   1.4062390e-05
    1450   1.4044470e-05
    1451   1.4026560e-05
    1452   1.4008660e-05
    1453   1.3990770e-05
    1454   1.3972900e-05
    1455   1.3955040e-05
    1456   1.3937190e-05
    1457   1.3919350e-05
    1458   1.3901520e-05
    1459   1.3883710e-05
    1460   1.3865910e-05
    1461   1.3848120e-05
    1462   1.3830350e-05
    1463   1.3812590e-05
    1464   1.3794840e-05
    1465   1.3777110e-05
    1466   1.3759390e-05
    1467   1.3741680e-05
    1468   1.3723980e-05
    1469   1.3706300e-05
    1470   1.3688630e-05
    1471   1.3670970e-05
    1472   1.3653330e-05
    1473   1.3635700e-05
    1474   1.3618090e-05
    1475   1.3600480e-05
    1476   1.3582900e-05
    1477   1.3565320e-05
    1478   1.3547760e-05
    1479   1.3530210e-05
    1480   1.3512680e-05
    1481   1.3495160e-05
    1482   1.3477660e-05
    1483   1.3460160e-05
    1484   1.3442690e-05
    1485   1.3425230e-05
    1486   1.3407780e-05
    1487   1.3390340e-05
    1488   1.3372920e-05
    1489   1.3355520e-05
    1490   1.3338130e-05
    1491   1.3320760e-05
    1492   1.3303400e-05
    1493   1.3286050e-05
    1494   1.3268720e-05
    1495   1.3251410e-05
    1496   1.3234110e-05
    1497   1.3216820e-05
    1498   1.3199550e-05
    1499   1.3182300e-05
    1500   1.3165060e-05
    1501   1.3147840e-05
    1502   1.3130630e-05
    1503   1.3113440e-05
    1504   1.3096260e-05
    1505   1.3079100e-05
    1506   1.3061960e-05
    1507   1.3044830e-05
    1508   1.3027720e-05
    1509   1.3010620e-05
    1510   1.2993540e-05
    1511   1.2976480e-05
    1512   1.2959430e-05
    1513   1.2942400e-05
    1514   1.2925380e-05
    1515   1.2908380e-05
    1516   1.2891400e-05
    1517   1.2874440e-05
    1518   1.2857490e-05
    1519   1.2840560e-05
    1520   1.2823640e-05
    1521   1.2806740e-05
    1522   1.2789860e-05
    1523   1.2772990e-05
    1524   1.2756150e-05
    1525   1.2739320e-05
    1526   1.2722500e-05
    1527   1.2705710e-05
    1528   1.2688930e-05
    1529   1.2672160e-05
    1530   1.2655420e-05
    1531   1.2638680e-05
    1532   1.2621960e-05
    1533   1.2605260e-05
    1534   1.2588580e-05
    1535   1.2571920e-05
    1536   1.2555290e-05
    1537   1.2538670e-05
    1538   1.2522070e-05
    1539   1.2505500e-05
    1540   1.2488950e-05
    1541   1.2472450e-05
    1542   1.2455970e-05
    1543   1.2439510e-05
    1544   1.2423080e-05
    1545   1.2406670e-05
    1546   1.2390280e-05
    1547   1.2373900e-05
    1548   1.2357550e-05
    1549   1.2341220e-05
    1550   1.2324900e-05
    1551   1.2308590e-05
    1552   1.2292290e-05
    1553   1.2276010e-05
    1554   1.2259750e-05
    1555   1.2243510e-05
    1556   1.2227280e-05
    1557   1.2211070e-05
    1558   1.2194870e-05
    1559   1.2178700e-05
    1560   1.2162540e-05
    1561   1.2146400e-05
    1562   1.2130280e-05
    1563   1.2114170e-05
    1564   1.2098080e-05
    1565   1.2082010e-05
    1566   1.2065960e-05
    1567   1.2049920e-05
    1568   1.2033900e-05
    1569   1.2017900e-05
    1570   1.2001920e-05
    1571   1.1985960e-05
    1572   1.1970010e-05
    1573   1.1954080e-05
    1574   1.1938170e-05
    1575   1.1922280e-05
    1576   1.1906400e-05
    1577   1.1890550e-05
    1578   1.1874710e-05
    1579   1.1858890e-05
    1580   1.1843090e-05
    1581   1.1827310e-05
    1582   1.1811540e-05
    1583   1.1795800e-05
    1584   1.1780070e-05
    1585   1.1764360e-05
    1586   1.1748670e-05
    1587   1.1733000e-05
    1588   1.1717340e-05
    1589   1.1701710e-05
    1590   1.1686090e-05
    1591   1.1670480e-05
    1592   1.1654890e-05
    1593   1.1639320e-05
    1594   1.1623770e-05
    1595   1.1608240e-05
    1596   1.1592740e-05
    1597   1.1577250e-05
    1598   1.1561790e-05
    1599   1.1546360e-05
    1600   1.1530950e-05
    1601   1.1515590e-05
    1602   1.1500250e-05
    1603   1.1484940e-05
    1604   1.1469660e-05
    1605   1.1454390e-05
    1606   1.1439150e-05
    1607   1.1423940e-05
    1608   1.1408740e-05
    1609   1.1393570e-05
    1610   1.1378410e-05
    1611   1.1363260e-05
    1612   1.1348140e-05
    1613   1.1333030e-05
    1614   1.1317940e-05
    1615   1.1302880e-05
    1616   1.1287830e-05
    1617   1.1272800e-05
    1618   1.1257790e-05
    1619   1.1242800e-05
    1620   1.1227830e-05
    1621   1.1212880e-05
    1622   1.1197950e-05
    1623   1.1183040e-05
    1624   1.1168150e-05
    1625   1.1153280e-05
    1626   1.1138420e-05
    1627   1.1123590e-05
    1628   1.1108780e-05
    1629   1.1093980e-05
    1630   1.1079210e-05
    1631   1.1064450e-05
    1632   1.1049720e-05
    1633   1.1035000e-05
    1634   1.1020300e-05
    1635   1.1005630e-05
    1636   1.0990970e-05
    1637   1.0976330e-05
    1638   1.0961710e-05
    1639   1.0947100e-05
    1640   1.0932520e-05
    1641   1.0917960e-05
    1642   1.0903410e-05
    1643   1.0888880e-05
    1644   1.0874380e-05
    1645   1.0859890e-05
    1646   1.0845420e-05
    1647   1.0830970e-05
    1648   1.0816540e-05
    1649   1.0802120e-05
    1650   1.0787730e-05
    1651   1.0773350e-05
    1652   1.0759000e-05
    1653   1.0744660e-05
    1654   1.0730340e-05
    1655   1.0716040e-05
    1656   1.0701760e-05
    1657   1.0687500e-05
    1658   1.0673250e-05
    1659   1.0659030e-05
    1660   1.0644820e-05
    1661   1.0630630e-05
    1662   1.0616460e-05
    1663   1.0602310e-05
    1664   1.0588170e-05
    1665   1.0574060e-05
    1666   1.0559960e-05
    1667   1.0545880e-05
    1668   1.0531820e-05
    1669   1.0517780e-05
    1670   1.0503760e-05
    1671   1.0489760e-05
    1672   1.0475770e-05
    1673   1.0461800e-05
    1674   1.0447850e-05
    1675   1.0433920e-05
    1676   1.0420010e-05
    1677   1.0406110e-05
    1678   1.0392240e-05
    1679   1.0378380e-05
    1680   1.0364540e-05
    1681   1.0350720e-05
    1682   1.0336910e-05
    1683   1.0323130e-05
    1684   1.0309360e-05
    1685   1.0295610e-05
    1686   1.0281880e-05
    1687   1.0268160e-05
    1688   1.0254470e-05
    1689   1.0240790e-05
    1690   1.0227130e-05
    1691   1.0213490e-05
    1692   1.0199880e-05
    1693   1.0186280e-05
    1694   1.0172690e-05
    1695   1.0159120e-05
    1696   1.0145570e-05
    1697   1.0132040e-05
    1698   1.0118510e-05
    1699   1.0105000e-05
    1700   1.0091510e-05
    1701   1.0078020e-05
    1702   1.0064530e-05
    1703   1.0051070e-05
    1704   1.0037620e-05
    1705   1.0024180e-05
    1706   1.0010760e-05
    1707   9.9973480e-06
    1708   9.9839570e-06
    1709   9.9705820e-06
    1710   9.9572240e-06
    1711   9.9438890e-06
    1712   9.9305700e-06
    1713   9.9172690e-06
    1714   9.9039840e-06
    1715   9.8907170e-06
    1716   9.8774660e-06
    1717   9.8642320e-06
    1718   9.8510150e-06
    1719   9.8378140e-06
    1720   9.8246310e-06
    1721   9.8114640e-06
    1722   9.7983140e-06
    1723   9.7851810e-06
    1724   9.7720650e-06
    1725   9.7589650e-06
    1726   9.7458820e-06
    1727   9.7328160e-06
    1728   9.7197670e-06
    1729   9.7067340e-06
    1730   9.6937180e-06
    1731   9.6807190e-06
    1732   9.6677360e-06
    1733   9.6547700e-06
    1734   9.6418200e-06
    1735   9.6288870e-06
    1736   9.6159710e-06
    1737   9.6030710e-06
    1738   9.5901880e-06
    1739   9.5773210e-06
    1740   9.5644710e-06
    1741   9.5516370e-06
    1742   9.5388200e-06
    1743   9.5260190e-06
    1744   9.5132350e-06
    1745   9.5004670e-06
    1746   9.4877150e-06
    1747   9.4749800e-06
    1748   9.4622610e-06
    1749   9.4495590e-06
    1750   9.4368730e-06
    1751   9.4242030e-06
    1752   9.4115500e-06
    1753   9.3989130e-06
    1754   9.3862930e-06
    1755   9.3736890e-06
    1756   9.3611010e-06
    1757   9.3485290e-06
    1758   9.3359730e-06
    1759   9.3234340e-06
    1760   9.3109110e-06
    1761   9.2984040e-06
    1762   9.2859130e-06
    1763   9.2734390e-06
    1764   9.2609800e-06
    1765   9.2485380e-06
    1766   9.2361120e-06
    1767   9.2237020e-06
    1768   9.2113080e-06
    1769   9.1989300e-06
    1770   9.1865680e-06
    1771   9.1742220e-06
    1772   9.1618920e-06
    1773   9.1495790e-06
    1774   9.1372810e-06
    1775   9.1249990e-06
    1776   9.1127340e-06
    1777   9.1004840e-06
    1778   9.0882500e-06
    1779   9.0760320e-06
    1780   9.0638300e-06
    1781   9.0516440e-06
    1782   9.0394740e-06
    1783   9.0273190e-06
    1784   9.0151810e-06
    1785   9.0030580e-06
    1786   8.9909510e-06
    1787   8.9788600e-06
    1788   8.9667850e-06
    1789   8.9547260e-06
    1790   8.9426820e-06
    1791   8.9306540e-06
    1792   8.9186420e-06
    1793   8.9066450e-06
    1794   8.8946640e-06
    1795   8.8826990e-06
    1796   8.8707500e-06
    1797   8.8588160e-06
    1798   8.8468980e-06
    1799   8.8349950e-06
    1800   8.8231080e-06
    1801   8.8112370e-06
    1802   8.7993810e-06
    1803   8.7875410e-06
    1804   8.7757160e-06
    1805   8.7639070e-06
    1806   8.7521130e-06
    1807   8.7403350e-06
    1808   8.7285730e-06
    1809   8.7168260e-06
    1810   8.7050940e-06
    1811   8.6933780e-06
    1812   8.6816770e-06
    1813   8.6699920e-06
    1814   8.6583220e-06
    1815   8.6466670e-06
    1816   8.6350280e-06
    1817   8.6234040e-06
    1818   8.6117960e-06
    1819   8.6002030e-06
    1820   8.5886250e-06
    1821   8.5770620e-06
    1822   8.5655150e-06
    1823   8.5539830e-06
    1824   8.5424660e-06
    1825   8.5309650e-06
    1826   8.5194780e-06
    1827   8.5080070e-06
    1828   8.4965510e-06
    1829   8.4851110e-06
    1830   8.4736850e-06
    1831   8.4622750e-06
    1832   8.4508790e-06
    1833   8.4394990e-06
    1834   8.4281340e-06
    1835   8.4167840e-06
    1836   8.4054490e-06
    1837   8.3941290e-06
    1838   8.3828240e-06
    1839   8.3715340e-06
    1840   8.3602590e-06
    1841   8.3489990e-06
    1842   8.3377540e-06
    1843   8.3265240e-06
    1844   8.3153090e-06
    1845   8.3041090e-06
    1846   8.2929240e-06
    1847   8.2817540e-06
    1848   8.2705980e-06
    1849   8.2594580e-06
    1850   8.2483320e-06
    1851   8.2372210e-06
    1852   8.2261250e-06
    1853   8.2150440e-06
    1854   8.2039780e-06
    1855   8.1929260e-06
    1856   8.1818900e-06
    1857   8.1708680e-06
    1858   8.1598600e-06
    1859   8.1488680e-06
    1860   8.1378900e-06
    1861   8.1269270e-06
    1862   8.1159780e-06
    1863   8.1050440e-06
    1864   8.0941250e-06
    1865   8.0832200e-06
    1866   8.0723300e-06
    1867   8.0614550e-06
    1868   8.0505940e-06
    1869   8.0397480e-06
    1870   8.0289160e-06
    1871   8.0180990e-06
    1872   8.0072960e-06
    1873   7.9965080e-06
    1874   7.9857350e-06
    1875   7.9749760e-06
    1876   7.9642310e-06
    1877   7.9535010e-06
    1878   7.9427850e-06
    1879   7.9320840e-06
    1880   7.9213970e-06
    1881   7.9107240e-06
    1882   7.9000660e-06
    1883   7.8894220e-06
    1884   7.8787930e-06
    1885   7.8681780e-06
    1886   7.8575770e-06
    1887   7.8469900e-06
    1888   7.8364180e-06
    1889   7.8258600e-06
    1890   7.8153160e-06
    1891   7.8047870e-06
    1892   7.7942710e-06
    1893   7.7837700e-06
    1894   7.7732840e-06
    1895   7.7628110e-06
    1896   7.7523520e-06
    1897   7.7419080e-06
    1898   7.7314780e-06
    1899   7.7210620e-06
    1900   7.7106600e-06
    1901   7.7002720e-06
    1902   7.6898980e-06
    1903   7.6795380e-06
    1904   7.6691930e-06
    1905   7.6588610e-06
    1906   7.6485430e-06
    1907   7.6382390e-06
    1908   7.6279500e-06
    1909   7.6176740e-06
    1910   7.6074120e-06
    1911   7.5971640e-06
    1912   7.5869300e-06
    1913   7.5767100e-06
    1914   7.5665040e-06
    1915   7.5563110e-06
    1916   7.5461330e-06
    1917   7.5359680e-06
    1918   7.5258170e-06
    1919   7.5156800e-06
    1920   7.5055570e-06
    1921   7.4954480e-06
    1922   7.4853520e-06
    1923   7.4752700e-06
    1924   7.4652020e-06
    1925   7.4551480e-06
    1926   7.4451070e-06
    1927   7.4350810e-06
    1928   7.4250670e-06
    1929   7.4150680e-06
    1930   7.4050820e-06
    1931   7.3951100e-06
    1932   7.3851510e-06
    1933   7.3752060e-06
    1934   7.3652740e-06
    1935   7.3553570e-06
    1936   7.3454520e-06
    1937   7.3355610e-06
    1938   7.3256840e-06
    1939   7.3158200e-06
    1940   7.3059700e-06
    1941   7.2961330e-06
    1942   7.2863100e-06
    1943   7.2765000e-06
    1944   7.2667030e-06
    1945   7.2569200e-06
    1946   7.2471510e-06
    1947   7.2373950e-06
    1948   7.2276520e-06
    1949   7.2179220e-06
    1950   7.2082060e-06
    1951   7.1985030e-06
    1952   7.1888140e-06
    1953   7.1791370e-06
    1954   7.1694740e-06
    1955   7.1598250e-06
    1956   7.1501880e-06
    1957   7.1405650e-06
    1958   7.1309550e-06
    1959   7.1213590e-06
    1960   7.1117750e-06
    1961   7.1022050e-06
    1962   7.0926480e-06
    1963   7.0831040e-06
    1964   7.0735730e-06
    1965   7.0640550e-06
    1966   7.0545510e-06
    1967   7.0450590e-06
    1968   7.0355810e-06
    1969   7.0261150e-06
    1970   7.0166630e-06
    1971   7.0072240e-06
    1972   6.9977970e-06
    1973   6.9883840e-06
    1974   6.9789840e-06
    1975   6.9695970e-06
    1976   6.9602220e-06
    1977   6.9508610e-06
    1978   6.9415120e-06
    1979   6.9321770e-06
    1980   6.9228540e-06
    1981   6.9135440e-06
    1982   6.9042470e-06
    1983   6.8949630e-06
    1984   6.8856920e-06
    1985   6.8764330e-06
    1986   6.8671880e-06
    1987   6.8579550e-06
    1988   6.8487350e-06
    1989   6.8395280e-06
    1990   6.8303330e-06
    1991   6.8211560e-06
    1992   6.8119920e-06
    1993   6.8028390e-06
    1994   6.7936990e-06
    1995   6.7845700e-06
    1996   6.7754520e-06
    1997   6.7663450e-06
    1998   6.7572480e-06
    1999   6.7481620e-06
    2000   6.7390850e-06
    2001   6.7300070e-06
    2002   6.7209390e-06
    2003   6.7118820e-06
    2004   6.7028350e-06
    2005   6.6937990e-06
    2006   6.6847740e-06
    2007   6.6757600e-06
    2008   6.6667590e-06
    2009   6.6577700e-06
    2010   6.6487930e-06
    2011   6.6398350e-06
    2012   6.6308900e-06
    2013   6.6219580e-06
    2014   6.6130380e-06
    2015   6.6041320e-06
    2016   6.5952380e-06
    2017   6.5863580e-06
    2018   6.5774900e-06
    2019   6.5686350e-06
    2020   6.5597930e-06
    2021   6.5509640e-06
    2022   6.5421470e-06
    2023   6.5333440e-06
    2024   6.5245530e-06
    2025   6.5157750e-06
    2026   6.5070100e-06
    2027   6.4982570e-06
    2028   6.4895180e-06
    2029   6.4807910e-06
    2030   6.4720770e-06
    2031   6.4633760e-06
    2032   6.4546870e-06
    2033   6.4460110e-06
    2034   6.4373480e-06
    2035   6.4286980e-06
    2036   6.4200600e-06
    2037   6.4114360e-06
    2038   6.4028230e-06
    2039   6.3942240e-06
    2040   6.3856370e-06
    2041   6.3770630e-06
    2042   6.3685010e-06
    2043   6.3599520e-06
    2044   6.3514160e-06
    2045   6.3428930e-06
    2046   6.3343820e-06
    2047   6.3258830e-06
    2048   6.3173980e-06
    2049   6.3089250e-06
    2050   6.3004640e-06
    2051   6.2920160e-06
    2052   6.2835810e-06
    2053   6.2751580e-06
    2054   6.2667480e-06
    2055   6.2583500e-06
    2056   6.2499650e-06
    2057   6.2415930e-06
    2058   6.2332330e-06
    2059   6.2248850e-06
    2060   6.2165500e-06
    2061   6.2082270e-06
    2062   6.1999170e-06
    2063   6.1916200e-06
    2064   6.1833350e-06
    2065   6.1750620e-06
    2066   6.1668020e-06
    2067   6.1585540e-06
    2068   6.1503180e-06
    2069   6.1420950e-06
    2070   6.1338850e-06
    2071   6.1256870e-06
    2072   6.1175010e-06
    2073   6.1093280e-06
    2074   6.1011670e-06
    2075   6.0930190e-06
    2076   6.0848830e-06
    2077   6.0767590e-06
    2078   6.0686480e-06
    2079   6.0605490e-06
    2080   6.0524620e-06
    2081   6.0443880e-06
    2082   6.0363250e-06
    2083   6.0282760e-06
    2084   6.0202380e-06
    2085   6.0122130e-06
    2086   6.0042000e-06
    2087   5.9961990e-06
    2088   5.9882110e-06
    2089   5.9802350e-06
    2090   5.9722710e-06
    2091   5.9643070e-06
    2092   5.9563560e-06
    2093   5.9484180e-06
    2094   5.9404960e-06
    2095   5.9325880e-06
    2096   5.9246960e-06
    2097   5.9168220e-06
    2098   5.9089640e-06
    2099   5.9011250e-06
    2100   5.8933050e-06
    2101   5.8855290e-06
    2102   5.8777720e-06
    2103   5.8700330e-06
    2104   5.8623110e-06
    2105   5.8546070e-06
    2106   5.8469190e-06
    2107   5.8392460e-06
    2108   5.8315880e-06
    2109   5.8239440e-06
    2110   5.8163130e-06
    2111   5.8086830e-06
    2112   5.8010660e-06
    2113   5.7934620e-06
    2114   5.7858700e-06
    2115   5.7782900e-06
    2116   5.7707230e-06
    2117   5.7631680e-06
    2118   5.7556260e-06
    2119   5.7480960e-06
    2120   5.7405780e-06
    2121   5.7330730e-06
    2122   5.7255790e-06
    2123   5.7180980e-06
    2124   5.7106300e-06
    2125   5.7031730e-06
    2126   5.6957280e-06
    2127   5.6882960e-06
    2128   5.6808760e-06
    2129   5.6734670e-06
    2130   5.6660710e-06
    2131   5.6586870e-06
    2132   5.6513140e-06
    2133   5.6439530e-06
    2134   5.6366050e-06
    2135   5.6292680e-06
    2136   5.6219430e-06
    2137   5.6146290e-06
    2138   5.6073280e-06
    2139   5.6000380e-06
    2140   5.5927600e-06
    2141   5.5854940e-06
    2142   5.5782390e-06
    2143   5.5709960e-06
    2144   5.5637640e-06
    2145   5.5565450e-06
    2146   5.5493360e-06
    2147   5.5421390e-06
    2148   5.5349540e-06
    2149   5.5277800e-06
    2150   5.5206170e-06
    2151   5.5134660e-06
    2152   5.5063260e-06
    2153   5.4991970e-06
    2154   5.4920800e-06
    2155   5.4849730e-06
    2156   5.4778780e-06
    2157   5.4707950e-06
    2158   5.4637220e-06
    2159   5.4566600e-06
    2160   5.4496100e-06
    2161   5.4425710e-06
    2162   5.4355420e-06
    2163   5.4285250e-06
    2164   5.4215190e-06
    2165   5.4145240e-06
    2166   5.4075390e-06
    2167   5.4005660e-06
    2168   5.3936030e-06
    2169   5.3866510e-06
    2170   5.3797100e-06
    2171   5.3727800e-06
    2172   5.3658600e-06
    2173   5.3589510e-06
    2174   5.3520530e-06
    2175   5.3451650e-06
    2176   5.3382880e-06
    2177   5.3314210e-06
    2178   5.3245650e-06
    2179   5.3177200e-06
    2180   5.3108850e-06
    2181   5.3040610e-06
    2182   5.2972470e-06
    2183   5.2904430e-06
    2184   5.2836500e-06
    2185   5.2768670e-06
    2186   5.2700940e-06
    2187   5.2633320e-06
    2188   5.2565800e-06
    2189   5.2498380e-06
    2190   5.2431060e-06
    2191   5.2363840e-06
    2192   5.2296730e-06
    2193   5.2229720e-06
    2194   5.2162800e-06
    2195   5.2095990e-06
    2196   5.2029280e-06
    2197   5.1962660e-06
    2198   5.1896150e-06
    2199   5.1829740e-06
    2200   5.1763420e-06
    2201   5.1697200e-06
    2202   5.1631080e-06
    2203   5.1565060e-06
    2204   5.1499130e-06
    2205   5.1433310e-06
    2206   5.1367580e-06
    2207   5.1301940e-06
    2208   5.1236410e-06
    2209   5.1170970e-06
    2210   5.1105620e-06
    2211   5.1040370e-06
    2212   5.0975220e-06
    2213   5.0910160e-06
    2214   5.0845200e-06
    2215   5.0780330e-06
    2216   5.0715550e-06
    2217   5.0650870e-06
    2218   5.0586280e-06
    2219   5.0521780e-06
    2220   5.0457380e-06
    2221   5.0393070e-06
    2222   5.0328850e-06
    2223   5.0264720e-06
    2224   5.0200680e-06
    2225   5.0136740e-06
    2226   5.0072880e-06
    2227   5.0009120e-06
    2228   4.9945450e-06
    2229   4.9881860e-06
    2230   4.9818370e-06
    2231   4.9754970e-06
    2232   4.9691650e-06
    2233   4.9628420e-06
    2234   4.9565290e-06
    2235   4.9502240e-06
    2236   4.9439270e-06
    2237   4.9376400e-06
    2238   4.9313610e-06
    2239   4.9250910e-06
    2240   4.9188300e-06
    2241   4.9125770e-06
    2242   4.9063330e-06
    2243   4.9000980e-06
    2244   4.8938710e-06
    2245   4.8876520e-06
    2246   4.8814430e-06
    2247   4.8752410e-06
    2248   4.8690480e-06
    2249   4.8628630e-06
    2250   4.8566870e-06
    2251   4.8505190e-06
    2252   4.8443590e-06
    2253   4.8382080e-06
    2254   4.8320650e-06
    2255   4.8259300e-06
    2256   4.8198030e-06
    2257   4.8136840e-06
    2258   4.8075740e-06
    2259   4.8014710e-06
    2260   4.7953770e-06
    2261   4.7892910e-06
    2262   4.7832120e-06
    2263   4.7771420e-06
    2264   4.7710790e-06
    2265   4.7650250e-06
    2266   4.7589780e-06
    2267   4.7529390e-06
    2268   4.7469080e-06
    2269   4.7408850e-06
    2270   4.7348690e-06
    2271   4.7288610e-06
    2272   4.7228610e-06
    2273   4.7168690e-06
    2274   4.7108840e-06
    2275   4.7049070e-06
    2276   4.6989380e-06
    2277   4.6929760e-06
    2278   4.6870210e-06
    2279   4.6810750e-06
    2280   4.6751350e-06
    2281   4.6692030e-06
    2282   4.6632780e-06
    2283   4.6573610e-06
    2284   4.6514510e-06
    2285   4.6455480e-06
    2286   4.6396520e-06
    2287   4.6337640e-06
    2288   4.6278830e-06
    2289   4.6220090e-06
    2290   4.6161420e-06
    2291   4.6102720e-06
    2292   4.6044100e-06
    2293   4.5985570e-06
    2294   4.5927120e-06
    2295   4.5868760e-06
    2296   4.5810510e-06
    2297   4.5752360e-06
    2298   4.5694320e-06
    2299   4.5636410e-06
    2300   4.5578610e-06
    2301   4.5521160e-06
    2302   4.5463830e-06
    2303   4.5406610e-06
    2304   4.5349510e-06
    2305   4.5292500e-06
    2306   4.5235580e-06
    2307   4.5178760e-06
    2308   4.5122000e-06
    2309   4.5065330e-06
    2310   4.5008710e-06
    2311   4.4952040e-06
    2312   4.4895430e-06
    2313   4.4838870e-06
    2314   4.4782370e-06
    2315   4.4725920e-06
    2316   4.4669520e-06
    2317   4.4613180e-06
    2318   4.4556900e-06
    2319   4.4500660e-06
    2320   4.4444480e-06
    2321   4.4388350e-06
    2322   4.4332270e-06
    2323   4.4276240e-06
    2324   4.4220270e-06
    2325   4.4164340e-06
    2326   4.4108460e-06
    2327   4.4052630e-06
    2328   4.3996850e-06
    2329   4.3941120e-06
    2330   4.3885430e-06
    2331   4.3829790e-06
    2332   4.3774200e-06
    2333   4.3718650e-06
    2334   4.3663150e-06
    2335   4.3607690e-06
    2336   4.3552280e-06
    2337   4.3496910e-06
    2338   4.3441580e-06
    2339   4.3386300e-06
    2340   4.3331060e-06
    2341   4.3275860e-06
    2342   4.3220710e-06
    2343   4.3165590e-06
    2344   4.3110510e-06
    2345   4.3055480e-06
    2346   4.3000480e-06
    2347   4.2945520e-06
    2348   4.2890610e-06
    2349   4.2835720e-06
    2350   4.2780880e-06
    2351   4.2726070e-06
    2352   4.2671300e-06
    2353   4.2616570e-06
    2354   4.2561870e-06
    2355   4.2507200e-06
    2356   4.2452570e-06
    2357   4.2397970e-06
    2358   4.2343410e-06
    2359   4.2288880e-06
    2360   4.2234380e-06
    2361   4.2179910e-06
    2362   4.2125480e-06
    2363   4.2071070e-06
    2364   4.2016700e-06
    2365   4.1962360e-06
    2366   4.1908040e-06
    2367   4.1853760e-06
    2368   4.1799500e-06
    2369   4.1745270e-06
    2370   4.1691070e-06
    2371   4.1636900e-06
    2372   4.1582750e-06
    2373   4.1528620e-06
    2374   4.1474530e-06
    2375   4.1420450e-06
    2376   4.1366410e-06
    2377   4.1312380e-06
    2378   4.1258380e-06
    2379   4.1204400e-06
    2380   4.1150450e-06
    2381   4.1096520e-06
    2382   4.1042610e-06
    2383   4.0988720e-06
    2384   4.0934850e-06
    2385   4.0881000e-06
    2386   4.0827170e-06
    2387   4.0773350e-06
    2388   4.0719560e-06
    2389   4.0665790e-06
    2390   4.0612030e-06
    2391   4.0558290e-06
    2392   4.0504570e-06
    2393   4.0450860e-06
    2394   4.0397170e-06
    2395   4.0343490e-06
    2396   4.0289830e-06
    2397   4.0236180e-06
    2398   4.0182540e-06
    2399   4.0128920e-06
    2400   4.0075310e-06
    2401   4.0021710e-06
    2402   3.9968130e-06
    2403   3.9914550e-06
    2404   3.9860990e-06
    2405   3.9807440e-06
    2406   3.9753890e-06
    2407   3.9700360e-06
    2408   3.9646830e-06
    2409   3.9593310e-06
    2410   3.9539800e-06
    2411   3.9486300e-06
    2412   3.9432800e-06
    2413   3.9379310e-06
    2414   3.9325820e-06
    2415   3.9272340e-06
    2416   3.9218860e-06
    2417   3.9165390e-06
    2418   3.9111920e-06
    2419   3.9058450e-06
    2420   3.9004990e-06
    2421   3.8951530e-06
    2422   3.8898070e-06
    2423   3.8844610e-06
    2424   3.8791150e-06
    2425   3.8737700e-06
    2426   3.8684240e-06
    2427   3.8630780e-06
    2428   3.8577320e-06
    2429   3.8523850e-06
    2430   3.8470390e-06
    2431   3.8416920e-06
    2432   3.8363450e-06
    2433   3.8309980e-06
    2434   3.8256500e-06
    2435   3.8203010e-06
    2436   3.8149520e-06
    2437   3.8096030e-06
    2438   3.8042520e-06
    2439   3.7989020e-06
    2440   3.7935500e-06
    2441   3.7881980e-06
    2442   3.7828440e-06
    2443   3.7774900e-06
    2444   3.7721350e-06
    2445   3.7667790e-06
    2446   3.7614220e-06
    2447   3.7560640e-06
    2448   3.7507050e-06
    2449   3.7453450e-06
    2450   3.7399830e-06
    2451   3.7346200e-06
    2452   3.7292560e-06
    2453   3.7238900e-06
    2454   3.7185230e-06
    2455   3.7131550e-06
    2456   3.7077850e-06
    2457   3.7024130e-06
    2458   3.6970400e-06
    2459   3.6916650e-06
    2460   3.6862880e-06
    2461   3.6809100e-06
    2462   3.6755290e-06
    2463   3.6701470e-06
    2464   3.6647630e-06
    2465   3.6593770e-06
    2466   3.6539890e-06
    2467   3.6485990e-06
    2468   3.6432060e-06
    2469   3.6378120e-06
    2470   3.6324150e-06
    2471   3.6270160e-06
    2472   3.6216150e-06
    2473   3.6162110e-06
    2474   3.6108050e-06
    2475   3.6053970e-06
    2476   3.5999860e-06
    2477   3.5945720e-06
    2478   3.5891560e-06
    2479   3.5837370e-06
    2480   3.5783150e-06
    2481   3.5728910e-06
    2482   3.5674630e-06
    2483   3.5620330e-06
    2484   3.5566000e-06
    2485   3.5511640e-06
    2486   3.5457250e-06
    2487   3.5402820e-06
    2488   3.5348370e-06
    2489   3.5293890e-06
    2490   3.5239370e-06
    2491   3.5184820e-06
    2492   3.5130240e-06
    2493   3.5075620e-06
    2494   3.5020970e-06
    2495   3.4966290e-06
    2496   3.4911570e-06
    2497   3.4856810e-06
    2498   3.4802020e-06
    2499   3.4747190e-06
    2500   3.4692330e-06
