250 1.340578E-08
251 1.421094E-08
252 1.505717E-08
253 1.594612E-08
254 1.687940E-08
255 1.785865E-08
256 1.888551E-08
257 1.996159E-08
258 2.108853E-08
259 2.226796E-08
260 2.350152E-08
261 2.479082E-08
262 2.613751E-08
263 2.754321E-08
264 2.900954E-08
265 3.053815E-08
266 3.213067E-08
267 3.378871E-08
268 3.551392E-08
269 3.730792E-08
270 3.917234E-08
271 4.109292E-08
272 4.308815E-08
273 4.516062E-08
274 4.731292E-08
275 4.954765E-08
276 5.186739E-08
277 5.427476E-08
278 5.677232E-08
279 5.936269E-08
280 6.204845E-08
281 6.484758E-08
282 6.774636E-08
283 7.074645E-08
284 7.384950E-08
285 7.705719E-08
286 8.037117E-08
287 8.379310E-08
288 8.732464E-08
289 9.096746E-08
290 9.472322E-08
291 9.857188E-08
292 1.025381E-07
293 1.066249E-07
294 1.108352E-07
295 1.151720E-07
296 1.196383E-07
297 1.242370E-07
298 1.289712E-07
299 1.338437E-07
300 1.388577E-07
301 1.440135E-07
302 1.493169E-07
303 1.547708E-07
304 1.603785E-07
305 1.661430E-07
306 1.720674E-07
307 1.781549E-07
308 1.844087E-07
309 1.908317E-07
310 1.974272E-07
311 2.042350E-07
312 2.112193E-07
313 2.183809E-07
314 2.257208E-07
315 2.332398E-07
316 2.409389E-07
317 2.488188E-07
318 2.568806E-07
319 2.651252E-07
320 2.735533E-07
321 2.820903E-07
322 2.908172E-07
323 2.997396E-07
324 3.088630E-07
325 3.181928E-07
326 3.277345E-07
327 3.374935E-07
328 3.474754E-07
329 3.576857E-07
330 3.681298E-07
331 3.788749E-07
332 3.898610E-07
333 4.010899E-07
334 4.125633E-07
335 4.242830E-07
336 4.362507E-07
337 4.484681E-07
338 4.609370E-07
339 4.736591E-07
340 4.866362E-07
341 4.999414E-07
342 5.135007E-07
343 5.273116E-07
344 5.413714E-07
345 5.556775E-07
346 5.702274E-07
347 5.850185E-07
348 6.000481E-07
349 6.153137E-07
350 6.308127E-07
351 6.463657E-07
352 6.621576E-07
353 6.781965E-07
354 6.944907E-07
355 7.110481E-07
356 7.278769E-07
357 7.449853E-07
358 7.623814E-07
359 7.800732E-07
360 7.980690E-07
361 8.164867E-07
362 8.352180E-07
363 8.542642E-07
364 8.736268E-07
365 8.933073E-07
366 9.133071E-07
367 9.336278E-07
368 9.542707E-07
369 9.752373E-07
370 9.965292E-07
371 1.018204E-06
372 1.040204E-06
373 1.062527E-06
374 1.085170E-06
375 1.108132E-06
376 1.131411E-06
377 1.155004E-06
378 1.178911E-06
379 1.203128E-06
380 1.227654E-06
381 1.252538E-06
382 1.277724E-06
383 1.303206E-06
384 1.328981E-06
385 1.355042E-06
386 1.381384E-06
387 1.408004E-06
388 1.434895E-06
389 1.462053E-06
390 1.489472E-06
391 1.517010E-06
392 1.544807E-06
393 1.572868E-06
394 1.601195E-06
395 1.629792E-06
396 1.658662E-06
397 1.687808E-06
398 1.717234E-06
399 1.746943E-06
400 1.776939E-06
401 1.807701E-06
402 1.838822E-06
403 1.870299E-06
404 1.902130E-06
405 1.934314E-06
406 1.966849E-06
407 1.999732E-06
408 2.032961E-06
409 2.066535E-06
410 2.100452E-06
411 2.134709E-06
412 2.169305E-06
413 2.204237E-06
414 2.239503E-06
415 2.275103E-06
416 2.311033E-06
417 2.347291E-06
418 2.383876E-06
419 2.420786E-06
420 2.458018E-06
421 2.495570E-06
422 2.533442E-06
423 2.571630E-06
424 2.610132E-06
425 2.648947E-06
426 2.688073E-06
427 2.727508E-06
428 2.767249E-06
429 2.807294E-06
430 2.847643E-06
431 2.888292E-06
432 2.929239E-06
433 2.970484E-06
434 3.012023E-06
435 3.053855E-06
436 3.095977E-06
437 3.138388E-06
438 3.181086E-06
439 3.224068E-06
440 3.267334E-06
441 3.310880E-06
442 3.354704E-06
443 3.398806E-06
444 3.443182E-06
445 3.487831E-06
446 3.532750E-06
447 3.577939E-06
448 3.623394E-06
449 3.669114E-06
450 3.715097E-06
451 3.761535E-06
452 3.808231E-06
453 3.855183E-06
454 3.902388E-06
455 3.949845E-06
456 3.997549E-06
457 4.045500E-06
458 4.093695E-06
459 4.142130E-06
460 4.190805E-06
461 4.239715E-06
462 4.288859E-06
463 4.338235E-06
464 4.387839E-06
465 4.437669E-06
466 4.487724E-06
467 4.538000E-06
468 4.588495E-06
469 4.639206E-06
470 4.690131E-06
471 4.741268E-06
472 4.792615E-06
473 4.844167E-06
474 4.895925E-06
475 4.947883E-06
476 5.000041E-06
477 5.052396E-06
478 5.104946E-06
479 5.157687E-06
480 5.210618E-06
481 5.263735E-06
482 5.317038E-06
483 5.370522E-06
484 5.424186E-06
485 5.478027E-06
486 5.532043E-06
487 5.586231E-06
488 5.640588E-06
489 5.695113E-06
490 5.749803E-06
491 5.804656E-06
492 5.859668E-06
493 5.914838E-06
494 5.970163E-06
495 6.025640E-06
496 6.081267E-06
497 6.137042E-06
498 6.192963E-06
499 6.249026E-06
500 6.305229E-06
501 6.361548E-06
502 6.418003E-06
503 6.474591E-06
504 6.531309E-06
505 6.588155E-06
506 6.645127E-06
507 6.702222E-06
508 6.759438E-06
509 6.816773E-06
510 6.874223E-06
511 6.931787E-06
512 6.989462E-06
513 7.047246E-06
514 7.105137E-06
515 7.163131E-06
516 7.221227E-06
517 7.279422E-06
518 7.337713E-06
519 7.396099E-06
520 7.454577E-06
521 7.513144E-06
522 7.571798E-06
523 7.630537E-06
524 7.689358E-06
525 7.748259E-06
526 7.807238E-06
527 7.866291E-06
528 7.925417E-06
529 7.984613E-06
530 8.043877E-06
531 8.103206E-06
532 8.162598E-06
533 8.222051E-06
534 8.281561E-06
535 8.341128E-06
536 8.400747E-06
537 8.460418E-06
538 8.520136E-06
539 8.579901E-06
540 8.639710E-06
541 8.699560E-06
542 8.759448E-06
543 8.819373E-06
544 8.879332E-06
545 8.939323E-06
546 8.999342E-06
547 9.059388E-06
548 9.119459E-06
549 9.179552E-06
550 9.239664E-06
551 9.299793E-06
552 9.359936E-06
553 9.420092E-06
554 9.480258E-06
555 9.540431E-06
556 9.600450E-06
557 9.660473E-06
558 9.720498E-06
559 9.780523E-06
560 9.840546E-06
561 9.900566E-06
562 9.960579E-06
563 1.002059E-05
564 1.008058E-05
565 1.014057E-05
566 1.020054E-05
567 1.026049E-05
568 1.032043E-05
569 1.038034E-05
570 1.044024E-05
571 1.050011E-05
572 1.055995E-05
573 1.061977E-05
574 1.067955E-05
575 1.073931E-05
576 1.079903E-05
577 1.085871E-05
578 1.091835E-05
579 1.097796E-05
580 1.103752E-05
581 1.109704E-05
582 1.115651E-05
583 1.121594E-05
584 1.127531E-05
585 1.133463E-05
586 1.139390E-05
587 1.145311E-05
588 1.151226E-05
589 1.157135E-05
590 1.163038E-05
591 1.168934E-05
592 1.174824E-05
593 1.180707E-05
594 1.186583E-05
595 1.192451E-05
596 1.198313E-05
597 1.204166E-05
598 1.210012E-05
599 1.215849E-05
600 1.221678E-05
601 1.227487E-05
602 1.233287E-05
603 1.239078E-05
604 1.244859E-05
605 1.250632E-05
606 1.256395E-05
607 1.262149E-05
608 1.267892E-05
609 1.273626E-05
610 1.279350E-05
611 1.285063E-05
612 1.290766E-05
613 1.296458E-05
614 1.302140E-05
615 1.307810E-05
616 1.313469E-05
617 1.319117E-05
618 1.324754E-05
619 1.330378E-05
620 1.335991E-05
621 1.341592E-05
622 1.347181E-05
623 1.352757E-05
624 1.358321E-05
625 1.363872E-05
626 1.369410E-05
627 1.374935E-05
628 1.380447E-05
629 1.385946E-05
630 1.391430E-05
631 1.396902E-05
632 1.402359E-05
633 1.407802E-05
634 1.413231E-05
635 1.418645E-05
636 1.424045E-05
637 1.429430E-05
638 1.434800E-05
639 1.440155E-05
640 1.445495E-05
641 1.450819E-05
642 1.456127E-05
643 1.461420E-05
644 1.466696E-05
645 1.471957E-05
646 1.477201E-05
647 1.482429E-05
648 1.487640E-05
649 1.492834E-05
650 1.498011E-05
651 1.503171E-05
652 1.508313E-05
653 1.513438E-05
654 1.518545E-05
655 1.523616E-05
656 1.528640E-05
657 1.533646E-05
658 1.538635E-05
659 1.543606E-05
660 1.548559E-05
661 1.553494E-05
662 1.558411E-05
663 1.563310E-05
664 1.568191E-05
665 1.573053E-05
666 1.577898E-05
667 1.582724E-05
668 1.587531E-05
669 1.592321E-05
670 1.597091E-05
671 1.601844E-05
672 1.606577E-05
673 1.611292E-05
674 1.615989E-05
675 1.620666E-05
676 1.625325E-05
677 1.629964E-05
678 1.634585E-05
679 1.639187E-05
680 1.643770E-05
681 1.648334E-05
682 1.652878E-05
683 1.657403E-05
684 1.661909E-05
685 1.666396E-05
686 1.670863E-05
687 1.675311E-05
688 1.679739E-05
689 1.684147E-05
690 1.688536E-05
691 1.692906E-05
692 1.697255E-05
693 1.701585E-05
694 1.705895E-05
695 1.710184E-05
696 1.714454E-05
697 1.718704E-05
698 1.722934E-05
699 1.727144E-05
700 1.731333E-05
701 1.735437E-05
702 1.739519E-05
703 1.743579E-05
704 1.747618E-05
705 1.751635E-05
706 1.755630E-05
707 1.759603E-05
708 1.763555E-05
709 1.767485E-05
710 1.771394E-05
711 1.775281E-05
712 1.779147E-05
713 1.782991E-05
714 1.786813E-05
715 1.790615E-05
716 1.794394E-05
717 1.798153E-05
718 1.801890E-05
719 1.805605E-05
720 1.809300E-05
721 1.812973E-05
722 1.816624E-05
723 1.820255E-05
724 1.823864E-05
725 1.827452E-05
726 1.831019E-05
727 1.834565E-05
728 1.838090E-05
729 1.841594E-05
730 1.845076E-05
731 1.848538E-05
732 1.851979E-05
733 1.855398E-05
734 1.858797E-05
735 1.862175E-05
736 1.865532E-05
737 1.868868E-05
738 1.872184E-05
739 1.875478E-05
740 1.878752E-05
741 1.882005E-05
742 1.885237E-05
743 1.888449E-05
744 1.891640E-05
745 1.894810E-05
746 1.897960E-05
747 1.901089E-05
748 1.904197E-05
749 1.907285E-05
750 1.910353E-05
751 1.913400E-05
752 1.916427E-05
753 1.919433E-05
754 1.922419E-05
755 1.925384E-05
756 1.928329E-05
757 1.931254E-05
758 1.934158E-05
759 1.937043E-05
760 1.939907E-05
761 1.942751E-05
762 1.945574E-05
763 1.948378E-05
764 1.951161E-05
765 1.953924E-05
766 1.956668E-05
767 1.959391E-05
768 1.962094E-05
769 1.964777E-05
770 1.967441E-05
771 1.970084E-05
772 1.972707E-05
773 1.975311E-05
774 1.977895E-05
775 1.980458E-05
776 1.983002E-05
777 1.985527E-05
778 1.988031E-05
779 1.990516E-05
780 1.992981E-05
781 1.995427E-05
782 1.997853E-05
783 2.000259E-05
784 2.002646E-05
785 2.005013E-05
786 2.007361E-05
787 2.009689E-05
788 2.011997E-05
789 2.014287E-05
790 2.016556E-05
791 2.018807E-05
792 2.021038E-05
793 2.023250E-05
794 2.025442E-05
795 2.027615E-05
796 2.029769E-05
797 2.031904E-05
798 2.034019E-05
799 2.036116E-05
800 2.038193E-05
801 2.040219E-05
802 2.042227E-05
803 2.044215E-05
804 2.046184E-05
805 2.048134E-05
806 2.050066E-05
807 2.051978E-05
808 2.053872E-05
809 2.055747E-05
810 2.057604E-05
811 2.059441E-05
812 2.061261E-05
813 2.063061E-05
814 2.064843E-05
815 2.066607E-05
816 2.068352E-05
817 2.070079E-05
818 2.071787E-05
819 2.073477E-05
820 2.075149E-05
821 2.076803E-05
822 2.078438E-05
823 2.080056E-05
824 2.081655E-05
825 2.083237E-05
826 2.084800E-05
827 2.086346E-05
828 2.087873E-05
829 2.089383E-05
830 2.090875E-05
831 2.092350E-05
832 2.093806E-05
833 2.095245E-05
834 2.096667E-05
835 2.098071E-05
836 2.099457E-05
837 2.100826E-05
838 2.102178E-05
839 2.103512E-05
840 2.104829E-05
841 2.106128E-05
842 2.107411E-05
843 2.108676E-05
844 2.109924E-05
845 2.111155E-05
846 2.112369E-05
847 2.113566E-05
848 2.114746E-05
849 2.115909E-05
850 2.117055E-05
851 2.118185E-05
852 2.119297E-05
853 2.120393E-05
854 2.121473E-05
855 2.122535E-05
856 2.123581E-05
857 2.124611E-05
858 2.125624E-05
859 2.126621E-05
860 2.127601E-05
861 2.128565E-05
862 2.129512E-05
863 2.130444E-05
864 2.131359E-05
865 2.132258E-05
866 2.133141E-05
867 2.134008E-05
868 2.134858E-05
869 2.135693E-05
870 2.136512E-05
871 2.137315E-05
872 2.138102E-05
873 2.138874E-05
874 2.139629E-05
875 2.140369E-05
876 2.141094E-05
877 2.141802E-05
878 2.142495E-05
879 2.143173E-05
880 2.143835E-05
881 2.144482E-05
882 2.145113E-05
883 2.145729E-05
884 2.146330E-05
885 2.146915E-05
886 2.147486E-05
887 2.148041E-05
888 2.148581E-05
889 2.149106E-05
890 2.149616E-05
891 2.150111E-05
892 2.150591E-05
893 2.151056E-05
894 2.151507E-05
895 2.151942E-05
896 2.152363E-05
897 2.152770E-05
898 2.153161E-05
899 2.153538E-05
900 2.153901E-05
901 2.154234E-05
902 2.154552E-05
903 2.154857E-05
904 2.155146E-05
905 2.155421E-05
906 2.155682E-05
907 2.155929E-05
908 2.156161E-05
909 2.156379E-05
910 2.156583E-05
911 2.156773E-05
912 2.156949E-05
913 2.157111E-05
914 2.157260E-05
915 2.157394E-05
916 2.157514E-05
917 2.157621E-05
918 2.157714E-05
919 2.157793E-05
920 2.157859E-05
921 2.157911E-05
922 2.157949E-05
923 2.157974E-05
924 2.157986E-05
925 2.157985E-05
926 2.157970E-05
927 2.157942E-05
928 2.157900E-05
929 2.157846E-05
930 2.157778E-05
931 2.157698E-05
932 2.157604E-05
933 2.157498E-05
934 2.157378E-05
935 2.157246E-05
936 2.157101E-05
937 2.156943E-05
938 2.156773E-05
939 2.156590E-05
940 2.156395E-05
941 2.156186E-05
942 2.155966E-05
943 2.155733E-05
944 2.155488E-05
945 2.155230E-05
946 2.154960E-05
947 2.154678E-05
948 2.154384E-05
949 2.154078E-05
950 2.153760E-05
951 2.153429E-05
952 2.153087E-05
953 2.152733E-05
954 2.152367E-05
955 2.151989E-05
956 2.151600E-05
957 2.151198E-05
958 2.150786E-05
959 2.150361E-05
960 2.149925E-05
961 2.149478E-05
962 2.149019E-05
963 2.148549E-05
964 2.148068E-05
965 2.147575E-05
966 2.147071E-05
967 2.146556E-05
968 2.146030E-05
969 2.145492E-05
970 2.144944E-05
971 2.144385E-05
972 2.143815E-05
973 2.143234E-05
974 2.142642E-05
975 2.142040E-05
976 2.141427E-05
977 2.140803E-05
978 2.140168E-05
979 2.139523E-05
980 2.138868E-05
981 2.138202E-05
982 2.137526E-05
983 2.136840E-05
984 2.136143E-05
985 2.135436E-05
986 2.134719E-05
987 2.133991E-05
988 2.133254E-05
989 2.132506E-05
990 2.131749E-05
991 2.130982E-05
992 2.130205E-05
993 2.129418E-05
994 2.128621E-05
995 2.127815E-05
996 2.126999E-05
997 2.126173E-05
998 2.125338E-05
999 2.124494E-05
1000 2.123639E-05
1001 2.122776E-05
1002 2.121903E-05
1003 2.121021E-05
1004 2.120130E-05
1005 2.119229E-05
1006 2.118320E-05
1007 2.117401E-05
1008 2.116473E-05
1009 2.115537E-05
1010 2.114591E-05
1011 2.113637E-05
1012 2.112674E-05
1013 2.111701E-05
1014 2.110721E-05
1015 2.109731E-05
1016 2.108733E-05
1017 2.107727E-05
1018 2.106712E-05
1019 2.105688E-05
1020 2.104656E-05
1021 2.103616E-05
1022 2.102568E-05
1023 2.101511E-05
1024 2.100446E-05
1025 2.099373E-05
1026 2.098292E-05
1027 2.097203E-05
1028 2.096105E-05
1029 2.095000E-05
1030 2.093887E-05
1031 2.092766E-05
1032 2.091638E-05
1033 2.090502E-05
1034 2.089358E-05
1035 2.088206E-05
1036 2.087047E-05
1037 2.085880E-05
1038 2.084706E-05
1039 2.083525E-05
1040 2.082336E-05
1041 2.081140E-05
1042 2.079936E-05
1043 2.078726E-05
1044 2.077508E-05
1045 2.076283E-05
1046 2.075051E-05
1047 2.073812E-05
1048 2.072566E-05
1049 2.071314E-05
1050 2.070054E-05
1051 2.068805E-05
1052 2.067549E-05
1053 2.066286E-05
1054 2.065016E-05
1055 2.063740E-05
1056 2.062456E-05
1057 2.061167E-05
1058 2.059870E-05
1059 2.058568E-05
1060 2.057258E-05
1061 2.055942E-05
1062 2.054620E-05
1063 2.053292E-05
1064 2.051957E-05
1065 2.050616E-05
1066 2.049268E-05
1067 2.047915E-05
1068 2.046555E-05
1069 2.045190E-05
1070 2.043818E-05
1071 2.042440E-05
1072 2.041057E-05
1073 2.039667E-05
1074 2.038272E-05
1075 2.036870E-05
1076 2.035464E-05
1077 2.034051E-05
1078 2.032632E-05
1079 2.031209E-05
1080 2.029779E-05
1081 2.028344E-05
1082 2.026903E-05
1083 2.025457E-05
1084 2.024006E-05
1085 2.022549E-05
1086 2.021087E-05
1087 2.019620E-05
1088 2.018147E-05
1089 2.016669E-05
1090 2.015186E-05
1091 2.013698E-05
1092 2.012205E-05
1093 2.010707E-05
1094 2.009204E-05
1095 2.007697E-05
1096 2.006184E-05
1097 2.004666E-05
1098 2.003144E-05
1099 2.001617E-05
1100 2.000085E-05
1101 1.998549E-05
1102 1.997008E-05
1103 1.995463E-05
1104 1.993913E-05
1105 1.992359E-05
1106 1.990800E-05
1107 1.989237E-05
1108 1.987669E-05
1109 1.986098E-05
1110 1.984522E-05
1111 1.982941E-05
1112 1.981357E-05
1113 1.979769E-05
1114 1.978177E-05
1115 1.976580E-05
1116 1.974980E-05
1117 1.973376E-05
1118 1.971768E-05
1119 1.970156E-05
1120 1.968540E-05
1121 1.966921E-05
1122 1.965298E-05
1123 1.963671E-05
1124 1.962041E-05
1125 1.960407E-05
1126 1.958769E-05
1127 1.957129E-05
1128 1.955484E-05
1129 1.953837E-05
1130 1.952186E-05
1131 1.950532E-05
1132 1.948875E-05
1133 1.947214E-05
1134 1.945550E-05
1135 1.943884E-05
1136 1.942214E-05
1137 1.940541E-05
1138 1.938865E-05
1139 1.937186E-05
1140 1.935505E-05
1141 1.933821E-05
1142 1.932133E-05
1143 1.930444E-05
1144 1.928751E-05
1145 1.927056E-05
1146 1.925358E-05
1147 1.923658E-05
1148 1.921955E-05
1149 1.920250E-05
1150 1.918542E-05
1151 1.916852E-05
1152 1.915159E-05
1153 1.913463E-05
1154 1.911765E-05
1155 1.910064E-05
1156 1.908360E-05
1157 1.906654E-05
1158 1.904945E-05
1159 1.903233E-05
1160 1.901519E-05
1161 1.899802E-05
1162 1.898083E-05
1163 1.896361E-05
1164 1.894637E-05
1165 1.892910E-05
1166 1.891181E-05
1167 1.889450E-05
1168 1.887716E-05
1169 1.885979E-05
1170 1.884240E-05
1171 1.882499E-05
1172 1.880756E-05
1173 1.879010E-05
1174 1.877262E-05
1175 1.875512E-05
1176 1.873760E-05
1177 1.872005E-05
1178 1.870248E-05
1179 1.868489E-05
1180 1.866728E-05
1181 1.864964E-05
1182 1.863199E-05
1183 1.861431E-05
1184 1.859662E-05
1185 1.857890E-05
1186 1.856117E-05
1187 1.854341E-05
1188 1.852563E-05
1189 1.850784E-05
1190 1.849002E-05
1191 1.847219E-05
1192 1.845433E-05
1193 1.843646E-05
1194 1.841857E-05
1195 1.840066E-05
1196 1.838273E-05
1197 1.836479E-05
1198 1.834683E-05
1199 1.832885E-05
1200 1.831085E-05
1201 1.829289E-05
1202 1.827492E-05
1203 1.825693E-05
1204 1.823893E-05
1205 1.822091E-05
1206 1.820287E-05
1207 1.818482E-05
1208 1.816676E-05
1209 1.814868E-05
1210 1.813059E-05
1211 1.811248E-05
1212 1.809436E-05
1213 1.807622E-05
1214 1.805807E-05
1215 1.803991E-05
1216 1.802173E-05
1217 1.800354E-05
1218 1.798533E-05
1219 1.796711E-05
1220 1.794888E-05
1221 1.793063E-05
1222 1.791238E-05
1223 1.789411E-05
1224 1.787582E-05
1225 1.785753E-05
1226 1.783922E-05
1227 1.782090E-05
1228 1.780257E-05
1229 1.778422E-05
1230 1.776587E-05
1231 1.774750E-05
1232 1.772912E-05
1233 1.771073E-05
1234 1.769233E-05
1235 1.767392E-05
1236 1.765550E-05
1237 1.763706E-05
1238 1.761862E-05
1239 1.760017E-05
1240 1.758170E-05
1241 1.756322E-05
1242 1.754474E-05
1243 1.752624E-05
1244 1.750774E-05
1245 1.748923E-05
1246 1.747070E-05
1247 1.745217E-05
1248 1.743363E-05
1249 1.741508E-05
1250 1.739652E-05
1251 1.737795E-05
1252 1.735937E-05
1253 1.734078E-05
1254 1.732219E-05
1255 1.730359E-05
1256 1.728498E-05
1257 1.726636E-05
1258 1.724774E-05
1259 1.722910E-05
1260 1.721046E-05
1261 1.719181E-05
1262 1.717316E-05
1263 1.715450E-05
1264 1.713583E-05
1265 1.711715E-05
1266 1.709847E-05
1267 1.707978E-05
1268 1.706109E-05
1269 1.704239E-05
1270 1.702368E-05
1271 1.700497E-05
1272 1.698625E-05
1273 1.696753E-05
1274 1.694880E-05
1275 1.693006E-05
1276 1.691132E-05
1277 1.689258E-05
1278 1.687383E-05
1279 1.685507E-05
1280 1.683632E-05
1281 1.681755E-05
1282 1.679879E-05
1283 1.678001E-05
1284 1.676124E-05
1285 1.674246E-05
1286 1.672368E-05
1287 1.670489E-05
1288 1.668610E-05
1289 1.666731E-05
1290 1.664851E-05
1291 1.662971E-05
1292 1.661091E-05
1293 1.659211E-05
1294 1.657330E-05
1295 1.655449E-05
1296 1.653568E-05
1297 1.651687E-05
1298 1.649805E-05
1299 1.647923E-05
1300 1.646042E-05
1301 1.644185E-05
1302 1.642330E-05
1303 1.640474E-05
1304 1.638618E-05
1305 1.636763E-05
1306 1.634908E-05
1307 1.633053E-05
1308 1.631198E-05
1309 1.629344E-05
1310 1.627490E-05
1311 1.625635E-05
1312 1.623782E-05
1313 1.621928E-05
1314 1.620075E-05
1315 1.618222E-05
1316 1.616369E-05
1317 1.614516E-05
1318 1.612664E-05
1319 1.610812E-05
1320 1.608961E-05
1321 1.607109E-05
1322 1.605258E-05
1323 1.603408E-05
1324 1.601557E-05
1325 1.599707E-05
1326 1.597858E-05
1327 1.596008E-05
1328 1.594159E-05
1329 1.592311E-05
1330 1.590463E-05
1331 1.588615E-05
1332 1.586767E-05
1333 1.584920E-05
1334 1.583074E-05
1335 1.581228E-05
1336 1.579382E-05
1337 1.577537E-05
1338 1.575692E-05
1339 1.573847E-05
1340 1.572003E-05
1341 1.570160E-05
1342 1.568317E-05
1343 1.566474E-05
1344 1.564632E-05
1345 1.562791E-05
1346 1.560950E-05
1347 1.559109E-05
1348 1.557269E-05
1349 1.555430E-05
1350 1.553591E-05
1351 1.551753E-05
1352 1.549915E-05
1353 1.548078E-05
1354 1.546241E-05
1355 1.544405E-05
1356 1.542569E-05
1357 1.540735E-05
1358 1.538900E-05
1359 1.537067E-05
1360 1.535234E-05
1361 1.533401E-05
1362 1.531569E-05
1363 1.529738E-05
1364 1.527908E-05
1365 1.526078E-05
1366 1.524248E-05
1367 1.522420E-05
1368 1.520592E-05
1369 1.518765E-05
1370 1.516939E-05
1371 1.515113E-05
1372 1.513288E-05
1373 1.511463E-05
1374 1.509640E-05
1375 1.507817E-05
1376 1.505995E-05
1377 1.504174E-05
1378 1.502353E-05
1379 1.500533E-05
1380 1.498714E-05
1381 1.496896E-05
1382 1.495078E-05
1383 1.493262E-05
1384 1.491446E-05
1385 1.489631E-05
1386 1.487817E-05
1387 1.486003E-05
1388 1.484191E-05
1389 1.482379E-05
1390 1.480568E-05
1391 1.478758E-05
1392 1.476949E-05
1393 1.475141E-05
1394 1.473334E-05
1395 1.471527E-05
1396 1.469722E-05
1397 1.467917E-05
1398 1.466113E-05
1399 1.464310E-05
1400 1.462509E-05
1401 1.460708E-05
1402 1.458908E-05
1403 1.457109E-05
1404 1.455311E-05
1405 1.453514E-05
1406 1.451718E-05
1407 1.449923E-05
1408 1.448128E-05
1409 1.446335E-05
1410 1.444543E-05
1411 1.442752E-05
1412 1.440962E-05
1413 1.439173E-05
1414 1.437385E-05
1415 1.435599E-05
1416 1.433813E-05
1417 1.432028E-05
1418 1.430244E-05
1419 1.428462E-05
1420 1.426680E-05
1421 1.424900E-05
1422 1.423121E-05
1423 1.421343E-05
1424 1.419566E-05
1425 1.417790E-05
1426 1.416015E-05
1427 1.414241E-05
1428 1.412469E-05
1429 1.410698E-05
1430 1.408928E-05
1431 1.407159E-05
1432 1.405391E-05
1433 1.403624E-05
1434 1.401859E-05
1435 1.400095E-05
1436 1.398332E-05
1437 1.396570E-05
1438 1.394810E-05
1439 1.393051E-05
1440 1.391293E-05
1441 1.389536E-05
1442 1.387781E-05
1443 1.386027E-05
1444 1.384274E-05
1445 1.382522E-05
1446 1.380772E-05
1447 1.379023E-05
1448 1.377275E-05
1449 1.375529E-05
1450 1.373784E-05
1451 1.372040E-05
1452 1.370298E-05
1453 1.368557E-05
1454 1.366818E-05
1455 1.365079E-05
1456 1.363343E-05
1457 1.361607E-05
1458 1.359873E-05
1459 1.358141E-05
1460 1.356409E-05
1461 1.354679E-05
1462 1.352951E-05
1463 1.351224E-05
1464 1.349499E-05
1465 1.347775E-05
1466 1.346052E-05
1467 1.344331E-05
1468 1.342611E-05
1469 1.340893E-05
1470 1.339176E-05
1471 1.337461E-05
1472 1.335747E-05
1473 1.334035E-05
1474 1.332325E-05
1475 1.330616E-05
1476 1.328908E-05
1477 1.327202E-05
1478 1.325497E-05
1479 1.323795E-05
1480 1.322093E-05
1481 1.320393E-05
1482 1.318695E-05
1483 1.316999E-05
1484 1.315304E-05
1485 1.313610E-05
1486 1.311918E-05
1487 1.310228E-05
1488 1.308540E-05
1489 1.306853E-05
1490 1.305168E-05
1491 1.303484E-05
1492 1.301802E-05
1493 1.300122E-05
1494 1.298443E-05
1495 1.296767E-05
1496 1.295091E-05
1497 1.293418E-05
1498 1.291746E-05
1499 1.290076E-05
1500 1.288408E-05
1501 1.286741E-05
1502 1.285076E-05
1503 1.283413E-05
1504 1.281752E-05
1505 1.280092E-05
1506 1.278435E-05
1507 1.276779E-05
1508 1.275125E-05
1509 1.273472E-05
1510 1.271822E-05
1511 1.270173E-05
1512 1.268526E-05
1513 1.266881E-05
1514 1.265237E-05
1515 1.263596E-05
1516 1.261956E-05
1517 1.260319E-05
1518 1.258683E-05
1519 1.257049E-05
1520 1.255417E-05
1521 1.253786E-05
1522 1.252158E-05
1523 1.250532E-05
1524 1.248907E-05
1525 1.247285E-05
1526 1.245664E-05
1527 1.244045E-05
1528 1.242429E-05
1529 1.240814E-05
1530 1.239201E-05
1531 1.237590E-05
1532 1.235982E-05
1533 1.234375E-05
1534 1.232770E-05
1535 1.231167E-05
1536 1.229566E-05
1537 1.227967E-05
1538 1.226370E-05
1539 1.224776E-05
1540 1.223183E-05
1541 1.221612E-05
1542 1.220043E-05
1543 1.218475E-05
1544 1.216908E-05
1545 1.215344E-05
1546 1.213780E-05
1547 1.212219E-05
1548 1.210659E-05
1549 1.209100E-05
1550 1.207543E-05
1551 1.205988E-05
1552 1.204434E-05
1553 1.202881E-05
1554 1.201331E-05
1555 1.199781E-05
1556 1.198234E-05
1557 1.196687E-05
1558 1.195143E-05
1559 1.193600E-05
1560 1.192058E-05
1561 1.190518E-05
1562 1.188980E-05
1563 1.187443E-05
1564 1.185907E-05
1565 1.184374E-05
1566 1.182841E-05
1567 1.181311E-05
1568 1.179782E-05
1569 1.178254E-05
1570 1.176728E-05
1571 1.175203E-05
1572 1.173680E-05
1573 1.172159E-05
1574 1.170639E-05
1575 1.169121E-05
1576 1.167604E-05
1577 1.166088E-05
1578 1.164575E-05
1579 1.163062E-05
1580 1.161552E-05
1581 1.160043E-05
1582 1.158535E-05
1583 1.157029E-05
1584 1.155524E-05
1585 1.154021E-05
1586 1.152520E-05
1587 1.151020E-05
1588 1.149522E-05
1589 1.148025E-05
1590 1.146530E-05
1591 1.145036E-05
1592 1.143544E-05
1593 1.142053E-05
1594 1.140564E-05
1595 1.139076E-05
1596 1.137590E-05
1597 1.136105E-05
1598 1.134622E-05
1599 1.133141E-05
1600 1.131661E-05
1601 1.130182E-05
1602 1.128705E-05
1603 1.127229E-05
1604 1.125754E-05
1605 1.124281E-05
1606 1.122810E-05
1607 1.121340E-05
1608 1.119872E-05
1609 1.118405E-05
1610 1.116940E-05
1611 1.115476E-05
1612 1.114014E-05
1613 1.112554E-05
1614 1.111094E-05
1615 1.109637E-05
1616 1.108181E-05
1617 1.106726E-05
1618 1.105273E-05
1619 1.103822E-05
1620 1.102372E-05
1621 1.100923E-05
1622 1.099476E-05
1623 1.098031E-05
1624 1.096587E-05
1625 1.095145E-05
1626 1.093704E-05
1627 1.092265E-05
1628 1.090827E-05
1629 1.089391E-05
1630 1.087956E-05
1631 1.086523E-05
1632 1.085091E-05
1633 1.083661E-05
1634 1.082233E-05
1635 1.080806E-05
1636 1.079380E-05
1637 1.077956E-05
1638 1.076534E-05
1639 1.075113E-05
1640 1.073693E-05
1641 1.072275E-05
1642 1.070859E-05
1643 1.069444E-05
1644 1.068031E-05
1645 1.066619E-05
1646 1.065209E-05
1647 1.063800E-05
1648 1.062393E-05
1649 1.060987E-05
1650 1.059583E-05
1651 1.058181E-05
1652 1.056780E-05
1653 1.055380E-05
1654 1.053982E-05
1655 1.052586E-05
1656 1.051191E-05
1657 1.049797E-05
1658 1.048406E-05
1659 1.047015E-05
1660 1.045626E-05
1661 1.044239E-05
1662 1.042853E-05
1663 1.041469E-05
1664 1.040087E-05
1665 1.038705E-05
1666 1.037326E-05
1667 1.035948E-05
1668 1.034571E-05
1669 1.033196E-05
1670 1.031823E-05
1671 1.030451E-05
1672 1.029080E-05
1673 1.027711E-05
1674 1.026344E-05
1675 1.024978E-05
1676 1.023614E-05
1677 1.022251E-05
1678 1.020890E-05
1679 1.019530E-05
1680 1.018172E-05
1681 1.016816E-05
1682 1.015460E-05
1683 1.014107E-05
1684 1.012755E-05
1685 1.011404E-05
1686 1.010055E-05
1687 1.008708E-05
1688 1.007362E-05
1689 1.006018E-05
1690 1.004675E-05
1691 1.003334E-05
1692 1.001994E-05
1693 1.000656E-05
1694 9.993191E-06
1695 9.979840E-06
1696 9.966504E-06
1697 9.953183E-06
1698 9.939878E-06
1699 9.926588E-06
1700 9.913313E-06
1701 9.900118E-06
1702 9.886940E-06
1703 9.873777E-06
1704 9.860630E-06
1705 9.847500E-06
1706 9.834386E-06
1707 9.821288E-06
1708 9.808206E-06
1709 9.795140E-06
1710 9.782091E-06
1711 9.769057E-06
1712 9.756040E-06
1713 9.743038E-06
1714 9.730053E-06
1715 9.717084E-06
1716 9.704130E-06
1717 9.691193E-06
1718 9.678272E-06
1719 9.665367E-06
1720 9.652477E-06
1721 9.639604E-06
1722 9.626747E-06
1723 9.613906E-06
1724 9.601080E-06
1725 9.588271E-06
1726 9.575477E-06
1727 9.562700E-06
1728 9.549938E-06
1729 9.537192E-06
1730 9.524462E-06
1731 9.511748E-06
1732 9.499050E-06
1733 9.486367E-06
1734 9.473701E-06
1735 9.461050E-06
1736 9.448415E-06
1737 9.435796E-06
1738 9.423193E-06
1739 9.410605E-06
1740 9.398033E-06
1741 9.385477E-06
1742 9.372937E-06
1743 9.360412E-06
1744 9.347903E-06
1745 9.335410E-06
1746 9.322932E-06
1747 9.310471E-06
1748 9.298024E-06
1749 9.285594E-06
1750 9.273179E-06
1751 9.260780E-06
1752 9.248396E-06
1753 9.236028E-06
1754 9.223676E-06
1755 9.211339E-06
1756 9.199018E-06
1757 9.186712E-06
1758 9.174422E-06
1759 9.162147E-06
1760 9.149888E-06
1761 9.137644E-06
1762 9.125416E-06
1763 9.113204E-06
1764 9.101007E-06
1765 9.088825E-06
1766 9.076659E-06
1767 9.064508E-06
1768 9.052373E-06
1769 9.040253E-06
1770 9.028149E-06
1771 9.016060E-06
1772 9.003986E-06
1773 8.991928E-06
1774 8.979885E-06
1775 8.967857E-06
1776 8.955845E-06
1777 8.943848E-06
1778 8.931866E-06
1779 8.919900E-06
1780 8.907949E-06
1781 8.896014E-06
1782 8.884093E-06
1783 8.872188E-06
1784 8.860298E-06
1785 8.848423E-06
1786 8.836564E-06
1787 8.824720E-06
1788 8.812891E-06
1789 8.801077E-06
1790 8.789278E-06
1791 8.777495E-06
1792 8.765727E-06
1793 8.753973E-06
1794 8.742235E-06
1795 8.730512E-06
1796 8.718805E-06
1797 8.707112E-06
1798 8.695434E-06
1799 8.683772E-06
1800 8.672124E-06
1801 8.660492E-06
1802 8.648875E-06
1803 8.637272E-06
1804 8.625685E-06
1805 8.614113E-06
1806 8.602555E-06
1807 8.591013E-06
1808 8.579486E-06
1809 8.567973E-06
1810 8.556476E-06
1811 8.544993E-06
1812 8.533526E-06
1813 8.522073E-06
1814 8.510635E-06
1815 8.499212E-06
1816 8.487804E-06
1817 8.476411E-06
1818 8.465033E-06
1819 8.453669E-06
1820 8.442321E-06
1821 8.430987E-06
1822 8.419668E-06
1823 8.408364E-06
1824 8.397074E-06
1825 8.385800E-06
1826 8.374540E-06
1827 8.363295E-06
1828 8.352064E-06
1829 8.340849E-06
1830 8.329648E-06
1831 8.318462E-06
1832 8.307290E-06
1833 8.296133E-06
1834 8.284991E-06
1835 8.273864E-06
1836 8.262751E-06
1837 8.251653E-06
1838 8.240569E-06
1839 8.229500E-06
1840 8.218446E-06
1841 8.207406E-06
1842 8.196381E-06
1843 8.185370E-06
1844 8.174374E-06
1845 8.163392E-06
1846 8.152425E-06
1847 8.141473E-06
1848 8.130535E-06
1849 8.119612E-06
1850 8.108703E-06
1851 8.097808E-06
1852 8.086928E-06
1853 8.076062E-06
1854 8.065211E-06
1855 8.054374E-06
1856 8.043552E-06
1857 8.032744E-06
1858 8.021951E-06
1859 8.011172E-06
1860 8.000407E-06
1861 7.989656E-06
1862 7.978920E-06
1863 7.968199E-06
1864 7.957491E-06
1865 7.946798E-06
1866 7.936119E-06
1867 7.925455E-06
1868 7.914805E-06
1869 7.904169E-06
1870 7.893547E-06
1871 7.882939E-06
1872 7.872346E-06
1873 7.861767E-06
1874 7.851202E-06
1875 7.840652E-06
1876 7.830115E-06
1877 7.819593E-06
1878 7.809085E-06
1879 7.798591E-06
1880 7.788111E-06
1881 7.777646E-06
1882 7.767194E-06
1883 7.756757E-06
1884 7.746333E-06
1885 7.735924E-06
1886 7.725529E-06
1887 7.715148E-06
1888 7.704780E-06
1889 7.694427E-06
1890 7.684088E-06
1891 7.673763E-06
1892 7.663452E-06
1893 7.653155E-06
1894 7.642872E-06
1895 7.632603E-06
1896 7.622348E-06
1897 7.612107E-06
1898 7.601879E-06
1899 7.591666E-06
1900 7.581467E-06
1901 7.571281E-06
1902 7.561109E-06
1903 7.550952E-06
1904 7.540808E-06
1905 7.530678E-06
1906 7.520561E-06
1907 7.510459E-06
1908 7.500370E-06
1909 7.490295E-06
1910 7.480234E-06
1911 7.470187E-06
1912 7.460154E-06
1913 7.450134E-06
1914 7.440128E-06
1915 7.430136E-06
1916 7.420157E-06
1917 7.410192E-06
1918 7.400241E-06
1919 7.390304E-06
1920 7.380380E-06
1921 7.370470E-06
1922 7.360574E-06
1923 7.350691E-06
1924 7.340822E-06
1925 7.330966E-06
1926 7.321124E-06
1927 7.311296E-06
1928 7.301481E-06
1929 7.291680E-06
1930 7.281892E-06
1931 7.272118E-06
1932 7.262358E-06
1933 7.252611E-06
1934 7.242877E-06
1935 7.233157E-06
1936 7.223451E-06
1937 7.213758E-06
1938 7.204078E-06
1939 7.194412E-06
1940 7.184759E-06
1941 7.175120E-06
1942 7.165494E-06
1943 7.155882E-06
1944 7.146283E-06
1945 7.136697E-06
1946 7.127125E-06
1947 7.117566E-06
1948 7.108021E-06
1949 7.098489E-06
1950 7.088970E-06
1951 7.079464E-06
1952 7.069972E-06
1953 7.060493E-06
1954 7.051027E-06
1955 7.041575E-06
1956 7.032136E-06
1957 7.022710E-06
1958 7.013297E-06
1959 7.003898E-06
1960 6.994512E-06
1961 6.985139E-06
1962 6.975779E-06
1963 6.966432E-06
1964 6.957099E-06
1965 6.947778E-06
1966 6.938471E-06
1967 6.929177E-06
1968 6.919896E-06
1969 6.910629E-06
1970 6.901374E-06
1971 6.892132E-06
1972 6.882904E-06
1973 6.873688E-06
1974 6.864486E-06
1975 6.855296E-06
1976 6.846120E-06
1977 6.836957E-06
1978 6.827806E-06
1979 6.818669E-06
1980 6.809544E-06
1981 6.800433E-06
1982 6.791335E-06
1983 6.782249E-06
1984 6.773176E-06
1985 6.764117E-06
1986 6.755070E-06
1987 6.746036E-06
1988 6.737015E-06
1989 6.728007E-06
1990 6.719012E-06
1991 6.710030E-06
1992 6.701060E-06
1993 6.692103E-06
1994 6.683160E-06
1995 6.674229E-06
1996 6.665310E-06
1997 6.656405E-06
1998 6.647512E-06
1999 6.638632E-06
2000 6.629765E-06
2001 6.620922E-06
2002 6.612092E-06
2003 6.603275E-06
2004 6.594469E-06
2005 6.585677E-06
2006 6.576897E-06
2007 6.568129E-06
2008 6.559374E-06
2009 6.550632E-06
2010 6.541902E-06
2011 6.533184E-06
2012 6.524479E-06
2013 6.515786E-06
2014 6.507105E-06
2015 6.498437E-06
2016 6.489782E-06
2017 6.481138E-06
2018 6.472507E-06
2019 6.463889E-06
2020 6.455282E-06
2021 6.446688E-06
2022 6.438107E-06
2023 6.429537E-06
2024 6.420980E-06
2025 6.412435E-06
2026 6.403902E-06
2027 6.395382E-06
2028 6.386873E-06
2029 6.378377E-06
2030 6.369893E-06
2031 6.361422E-06
2032 6.352962E-06
2033 6.344514E-06
2034 6.336079E-06
2035 6.327656E-06
2036 6.319245E-06
2037 6.310846E-06
2038 6.302458E-06
2039 6.294083E-06
2040 6.285721E-06
2041 6.277370E-06
2042 6.269031E-06
2043 6.260704E-06
2044 6.252389E-06
2045 6.244086E-06
2046 6.235795E-06
2047 6.227516E-06
2048 6.219249E-06
2049 6.210993E-06
2050 6.202750E-06
2051 6.194519E-06
2052 6.186299E-06
2053 6.178091E-06
2054 6.169895E-06
2055 6.161711E-06
2056 6.153539E-06
2057 6.145379E-06
2058 6.137230E-06
2059 6.129093E-06
2060 6.120968E-06
2061 6.112855E-06
2062 6.104753E-06
2063 6.096663E-06
2064 6.088585E-06
2065 6.080518E-06
2066 6.072463E-06
2067 6.064420E-06
2068 6.056388E-06
2069 6.048369E-06
2070 6.040360E-06
2071 6.032363E-06
2072 6.024378E-06
2073 6.016405E-06
2074 6.008443E-06
2075 6.000492E-06
2076 5.992554E-06
2077 5.984626E-06
2078 5.976710E-06
2079 5.968806E-06
2080 5.960913E-06
2081 5.953032E-06
2082 5.945162E-06
2083 5.937303E-06
2084 5.929456E-06
2085 5.921620E-06
2086 5.913796E-06
2087 5.905983E-06
2088 5.898181E-06
2089 5.890391E-06
2090 5.882612E-06
2091 5.874845E-06
2092 5.867089E-06
2093 5.859344E-06
2094 5.851610E-06
2095 5.843888E-06
2096 5.836176E-06
2097 5.828477E-06
2098 5.820788E-06
2099 5.813111E-06
2100 5.805444E-06
2101 5.797822E-06
2102 5.790212E-06
2103 5.782613E-06
2104 5.775025E-06
2105 5.767449E-06
2106 5.759885E-06
2107 5.752331E-06
2108 5.744789E-06
2109 5.737259E-06
2110 5.729739E-06
2111 5.722231E-06
2112 5.714734E-06
2113 5.707249E-06
2114 5.699774E-06
2115 5.692311E-06
2116 5.684859E-06
2117 5.677418E-06
2118 5.669988E-06
2119 5.662570E-06
2120 5.655162E-06
2121 5.647765E-06
2122 5.640380E-06
2123 5.633005E-06
2124 5.625641E-06
2125 5.618289E-06
2126 5.610947E-06
2127 5.603616E-06
2128 5.596296E-06
2129 5.588987E-06
2130 5.581688E-06
2131 5.574401E-06
2132 5.567124E-06
2133 5.559858E-06
2134 5.552603E-06
2135 5.545358E-06
2136 5.538124E-06
2137 5.530901E-06
2138 5.523689E-06
2139 5.516487E-06
2140 5.509295E-06
2141 5.502114E-06
2142 5.494944E-06
2143 5.487784E-06
2144 5.480635E-06
2145 5.473496E-06
2146 5.466368E-06
2147 5.459250E-06
2148 5.452142E-06
2149 5.445045E-06
2150 5.437958E-06
2151 5.430882E-06
2152 5.423816E-06
2153 5.416760E-06
2154 5.409714E-06
2155 5.402679E-06
2156 5.395653E-06
2157 5.388638E-06
2158 5.381634E-06
2159 5.374639E-06
2160 5.367654E-06
2161 5.360680E-06
2162 5.353715E-06
2163 5.346761E-06
2164 5.339816E-06
2165 5.332882E-06
2166 5.325957E-06
2167 5.319043E-06
2168 5.312138E-06
2169 5.305243E-06
2170 5.298359E-06
2171 5.291484E-06
2172 5.284618E-06
2173 5.277763E-06
2174 5.270917E-06
2175 5.264082E-06
2176 5.257255E-06
2177 5.250439E-06
2178 5.243632E-06
2179 5.236835E-06
2180 5.230048E-06
2181 5.223270E-06
2182 5.216502E-06
2183 5.209743E-06
2184 5.202994E-06
2185 5.196254E-06
2186 5.189524E-06
2187 5.182804E-06
2188 5.176092E-06
2189 5.169391E-06
2190 5.162698E-06
2191 5.156015E-06
2192 5.149341E-06
2193 5.142677E-06
2194 5.136022E-06
2195 5.129376E-06
2196 5.122740E-06
2197 5.116112E-06
2198 5.109494E-06
2199 5.102885E-06
2200 5.096286E-06
2201 5.089695E-06
2202 5.083114E-06
2203 5.076541E-06
2204 5.069978E-06
2205 5.063423E-06
2206 5.056878E-06
2207 5.050342E-06
2208 5.043815E-06
2209 5.037296E-06
2210 5.030787E-06
2211 5.024286E-06
2212 5.017794E-06
2213 5.011312E-06
2214 5.004837E-06
2215 4.998372E-06
2216 4.991916E-06
2217 4.985468E-06
2218 4.979029E-06
2219 4.972599E-06
2220 4.966177E-06
2221 4.959764E-06
2222 4.953360E-06
2223 4.946964E-06
2224 4.940577E-06
2225 4.934199E-06
2226 4.927829E-06
2227 4.921467E-06
2228 4.915114E-06
2229 4.908770E-06
2230 4.902434E-06
2231 4.896106E-06
2232 4.889787E-06
2233 4.883476E-06
2234 4.877173E-06
2235 4.870879E-06
2236 4.864593E-06
2237 4.858315E-06
2238 4.852046E-06
2239 4.845785E-06
2240 4.839532E-06
2241 4.833287E-06
2242 4.827051E-06
2243 4.820822E-06
2244 4.814602E-06
2245 4.808389E-06
2246 4.802185E-06
2247 4.795989E-06
2248 4.789801E-06
2249 4.783621E-06
2250 4.777448E-06
2251 4.771284E-06
2252 4.765128E-06
2253 4.758979E-06
2254 4.752839E-06
2255 4.746706E-06
2256 4.740581E-06
2257 4.734464E-06
2258 4.728355E-06
2259 4.722253E-06
2260 4.716159E-06
2261 4.710073E-06
2262 4.703995E-06
2263 4.697924E-06
2264 4.691861E-06
2265 4.685805E-06
2266 4.679757E-06
2267 4.673717E-06
2268 4.667684E-06
2269 4.661658E-06
2270 4.655640E-06
2271 4.649630E-06
2272 4.643627E-06
2273 4.637632E-06
2274 4.631643E-06
2275 4.625663E-06
2276 4.619689E-06
2277 4.613723E-06
2278 4.607764E-06
2279 4.601813E-06
2280 4.595868E-06
2281 4.589931E-06
2282 4.584002E-06
2283 4.578079E-06
2284 4.572163E-06
2285 4.566255E-06
2286 4.560354E-06
2287 4.554460E-06
2288 4.548572E-06
2289 4.542692E-06
2290 4.536819E-06
2291 4.530953E-06
2292 4.525094E-06
2293 4.519242E-06
2294 4.513397E-06
2295 4.507558E-06
2296 4.501727E-06
2297 4.495902E-06
2298 4.490084E-06
2299 4.484273E-06
2300 4.478469E-06
2301 4.472228E-06
2302 4.465997E-06
2303 4.459778E-06
2304 4.453571E-06
2305 4.447375E-06
2306 4.441192E-06
2307 4.435020E-06
2308 4.428860E-06
2309 4.422712E-06
2310 4.416576E-06
2311 4.410452E-06
2312 4.404341E-06
2313 4.398243E-06
2314 4.392157E-06
2315 4.386084E-06
2316 4.380024E-06
2317 4.373977E-06
2318 4.367943E-06
2319 4.361922E-06
2320 4.355914E-06
2321 4.349920E-06
2322 4.343939E-06
2323 4.337972E-06
2324 4.332019E-06
2325 4.326080E-06
2326 4.320154E-06
2327 4.314243E-06
2328 4.308346E-06
2329 4.302463E-06
2330 4.296594E-06
2331 4.290741E-06
2332 4.284901E-06
2333 4.279077E-06
2334 4.273267E-06
2335 4.267472E-06
2336 4.261692E-06
2337 4.255928E-06
2338 4.250179E-06
2339 4.244445E-06
2340 4.238727E-06
2341 4.233024E-06
2342 4.227337E-06
2343 4.221666E-06
2344 4.216011E-06
2345 4.210372E-06
2346 4.204749E-06
2347 4.199142E-06
2348 4.193552E-06
2349 4.187978E-06
2350 4.182421E-06
2351 4.176880E-06
2352 4.171357E-06
2353 4.165850E-06
2354 4.160360E-06
2355 4.154888E-06
2356 4.149433E-06
2357 4.143995E-06
2358 4.138575E-06
2359 4.133172E-06
2360 4.127787E-06
2361 4.122420E-06
2362 4.117071E-06
2363 4.111739E-06
2364 4.106426E-06
2365 4.101132E-06
2366 4.095855E-06
2367 4.090597E-06
2368 4.085358E-06
2369 4.080137E-06
2370 4.074935E-06
2371 4.069752E-06
2372 4.064589E-06
2373 4.059444E-06
2374 4.054318E-06
2375 4.049212E-06
2376 4.044126E-06
2377 4.039059E-06
2378 4.034011E-06
2379 4.028984E-06
2380 4.023976E-06
2381 4.018989E-06
2382 4.014021E-06
2383 4.009074E-06
2384 4.004147E-06
2385 3.999241E-06
2386 3.994355E-06
2387 3.989490E-06
2388 3.984645E-06
2389 3.979822E-06
2390 3.975019E-06
2391 3.970238E-06
2392 3.965478E-06
2393 3.960739E-06
2394 3.956022E-06
2395 3.951326E-06
2396 3.946652E-06
2397 3.942000E-06
2398 3.937370E-06
2399 3.932761E-06
2400 3.928175E-06
2401 3.923611E-06
2402 3.919069E-06
2403 3.914550E-06
2404 3.910053E-06
2405 3.905579E-06
2406 3.901128E-06
2407 3.896700E-06
2408 3.892295E-06
2409 3.887912E-06
2410 3.883553E-06
2411 3.879218E-06
2412 3.874905E-06
2413 3.870617E-06
2414 3.866352E-06
2415 3.862110E-06
2416 3.857893E-06
2417 3.853699E-06
2418 3.849530E-06
2419 3.845385E-06
2420 3.841264E-06
2421 3.837168E-06
2422 3.833096E-06
2423 3.829049E-06
2424 3.825026E-06
2425 3.821029E-06
2426 3.817056E-06
2427 3.813109E-06
2428 3.809187E-06
2429 3.805290E-06
2430 3.801418E-06
2431 3.797572E-06
2432 3.793752E-06
2433 3.789957E-06
2434 3.786188E-06
2435 3.782445E-06
2436 3.778729E-06
2437 3.775038E-06
2438 3.771374E-06
2439 3.767736E-06
2440 3.764125E-06
2441 3.760540E-06
2442 3.756982E-06
2443 3.753451E-06
2444 3.749947E-06
2445 3.746470E-06
2446 3.743020E-06
2447 3.739597E-06
2448 3.736202E-06
2449 3.732835E-06
2450 3.729494E-06
2451 3.726182E-06
2452 3.722898E-06
2453 3.719641E-06
2454 3.716413E-06
2455 3.713212E-06
2456 3.710040E-06
2457 3.706897E-06
2458 3.703782E-06
2459 3.700695E-06
2460 3.697637E-06
2461 3.694608E-06
2462 3.691608E-06
2463 3.688637E-06
2464 3.685695E-06
2465 3.682783E-06
2466 3.679900E-06
2467 3.677046E-06
2468 3.674222E-06
2469 3.671428E-06
2470 3.668663E-06
2471 3.665929E-06
2472 3.663224E-06
2473 3.660550E-06
2474 3.657906E-06
2475 3.655292E-06
2476 3.652709E-06
2477 3.650156E-06
2478 3.647634E-06
2479 3.645143E-06
2480 3.642683E-06
2481 3.640253E-06
2482 3.637855E-06
2483 3.635488E-06
2484 3.633153E-06
2485 3.630849E-06
2486 3.628577E-06
2487 3.626336E-06
2488 3.624127E-06
2489 3.621950E-06
2490 3.619805E-06
2491 3.617692E-06
2492 3.615612E-06
2493 3.613564E-06
2494 3.611548E-06
2495 3.609565E-06
2496 3.607614E-06
2497 3.605697E-06
2498 3.603812E-06
2499 3.601960E-06
2500 3.600141E-06
