     250    0.0134157
     251    0.0141638
     252    0.0149830
     253    0.0158720
     254    0.0168293
     255    0.0178536
     256    0.0189434
     257    0.0200974
     258    0.0213143
     259    0.0225926
     260    0.0239309
     261    0.0253279
     262    0.0267821
     263    0.0282922
     264    0.0298568
     265    0.0314746
     266    0.0331441
     267    0.0348639
     268    0.0366327
     269    0.0384491
     270    0.0403117
     271    0.0420032
     272    0.0437511
     273    0.0455673
     274    0.0474635
     275    0.0494512
     276    0.0515423
     277    0.0537484
     278    0.0560812
     279    0.0585524
     280    0.0611738
     281    0.0642759
     282    0.0675322
     283    0.0709351
     284    0.0744769
     285    0.0781501
     286    0.0819470
     287    0.0858599
     288    0.0898814
     289    0.0940037
     290    0.0982192
     291     0.102232
     292     0.106339
     293     0.110553
     294     0.114881
     295     0.119334
     296     0.123923
     297     0.128656
     298     0.133544
     299     0.138597
     300     0.143824
     301     0.149513
     302     0.155379
     303     0.161416
     304     0.167617
     305     0.173973
     306     0.180480
     307     0.187129
     308     0.193914
     309     0.200827
     310     0.207863
     311     0.214688
     312     0.221641
     313     0.228735
     314     0.235981
     315     0.243393
     316     0.250984
     317     0.258766
     318     0.266752
     319     0.274955
     320     0.283387
     321     0.292301
     322     0.301455
     323     0.310848
     324     0.320477
     325     0.330342
     326     0.340440
     327     0.350769
     328     0.361329
     329     0.372116
     330     0.383129
     331     0.394285
     332     0.405668
     333     0.417282
     334     0.429130
     335     0.441215
     336     0.453541
     337     0.466111
     338     0.478928
     339     0.491995
     340     0.505315
     341     0.518967
     342     0.532875
     343     0.547036
     344     0.561450
     345     0.576116
     346     0.591032
     347     0.606196
     348     0.621608
     349     0.637267
     350     0.653170
     351     0.669153
     352     0.685388
     353     0.701884
     354     0.718650
     355     0.735694
     356     0.753024
     357     0.770649
     358     0.788578
     359     0.806819
     360     0.825382
     361     0.844488
     362     0.863919
     363     0.883671
     364     0.903739
     365     0.924120
     366     0.944808
     367     0.965801
     368     0.987092
     369      1.00868
     370      1.03055
     371      1.05257
     372      1.07488
     373      1.09749
     374      1.12039
     375      1.14360
     376      1.16711
     377      1.19094
     378      1.21508
     379      1.23955
     380      1.26433
     381      1.28953
     382      1.31505
     383      1.34091
     384      1.36709
     385      1.39359
     386      1.42043
     387      1.44759
     388      1.47508
     389      1.50290
     390      1.53104
     391      1.55951
     392      1.58830
     393      1.61742
     394      1.64686
     395      1.67663
     396      1.70671
     397      1.73712
     398      1.76786
     399      1.79891
     400      1.83028
     401      1.86203
     402      1.89412
     403      1.92653
     404      1.95926
     405      1.99232
     406      2.02570
     407      2.05941
     408      2.09343
     409      2.12777
     410      2.16243
     411      2.19741
     412      2.23270
     413      2.26830
     414      2.30422
     415      2.34044
     416      2.37698
     417      2.41383
     418      2.45098
     419      2.48843
     420      2.52619
     421      2.56426
     422      2.60262
     423      2.64129
     424      2.68025
     425      2.71952
     426      2.75908
     427      2.79893
     428      2.83908
     429      2.87952
     430      2.92025
     431      2.96127
     432      3.00258
     433      3.04418
     434      3.08606
     435      3.12823
     436      3.17068
     437      3.21341
     438      3.25643
     439      3.29972
     440      3.34329
     441      3.38714
     442      3.43127
     443      3.47566
     444      3.52033
     445      3.56527
     446      3.61049
     447      3.65597
     448      3.70172
     449      3.74773
     450      3.79401
     451      3.84106
     452      3.88838
     453      3.93595
     454      3.98378
     455      4.03186
     456      4.08019
     457      4.12877
     458      4.17760
     459      4.22667
     460      4.27598
     461      4.32553
     462      4.37531
     463      4.42533
     464      4.47558
     465      4.52606
     466      4.57676
     467      4.62769
     468      4.67883
     469      4.73020
     470      4.78178
     471      4.83357
     472      4.88557
     473      4.93779
     474      4.99020
     475      5.04282
     476      5.09564
     477      5.14866
     478      5.20187
     479      5.25528
     480      5.30887
     481      5.36266
     482      5.41663
     483      5.47078
     484      5.52511
     485      5.57962
     486      5.63430
     487      5.68916
     488      5.74418
     489      5.79938
     490      5.85473
     491      5.91025
     492      5.96594
     493      6.02177
     494      6.07776
     495      6.13391
     496      6.19020
     497      6.24665
     498      6.30323
     499      6.35996
     500      6.41683
     501      6.47378
     502      6.53087
     503      6.58810
     504      6.64545
     505      6.70293
     506      6.76053
     507      6.81826
     508      6.87610
     509      6.93407
     510      6.99215
     511      7.05034
     512      7.10864
     513      7.16705
     514      7.22556
     515      7.28418
     516      7.34289
     517      7.40171
     518      7.46062
     519      7.51962
     520      7.57872
     521      7.63790
     522      7.69717
     523      7.75652
     524      7.81595
     525      7.87546
     526      7.93505
     527      7.99471
     528      8.05445
     529      8.11425
     530      8.17412
     531      8.23405
     532      8.29404
     533      8.35409
     534      8.41420
     535      8.47436
     536      8.53458
     537      8.59484
     538      8.65516
     539      8.71551
     540      8.77591
     541      8.83635
     542      8.89682
     543      8.95733
     544      9.01788
     545      9.07845
     546      9.13905
     547      9.19967
     548      9.26032
     549      9.32099
     550      9.38167
     551      9.44238
     552      9.50309
     553      9.56382
     554      9.62455
     555      9.68529
     556      9.74607
     557      9.80685
     558      9.86762
     559      9.92840
     560      9.98916
     561      10.0499
     562      10.1107
     563      10.1714
     564      10.2321
     565      10.2928
     566      10.3535
     567      10.4141
     568      10.4747
     569      10.5353
     570      10.5959
     571      10.6564
     572      10.7169
     573      10.7773
     574      10.8377
     575      10.8981
     576      10.9584
     577      11.0187
     578      11.0789
     579      11.1390
     580      11.1991
     581      11.2591
     582      11.3191
     583      11.3790
     584      11.4389
     585      11.4986
     586      11.5583
     587      11.6180
     588      11.6775
     589      11.7370
     590      11.7963
     591      11.8556
     592      11.9149
     593      11.9740
     594      12.0330
     595      12.0919
     596      12.1508
     597      12.2095
     598      12.2681
     599      12.3267
     600      12.3851
     601      12.4426
     602      12.5000
     603      12.5573
     604      12.6145
     605      12.6715
     606      12.7284
     607      12.7852
     608      12.8419
     609      12.8985
     610      12.9549
     611      13.0112
     612      13.0674
     613      13.1235
     614      13.1795
     615      13.2353
     616      13.2910
     617      13.3466
     618      13.4020
     619      13.4573
     620      13.5125
     621      13.5676
     622      13.6225
     623      13.6773
     624      13.7320
     625      13.7865
     626      13.8410
     627      13.8953
     628      13.9494
     629      14.0034
     630      14.0573
     631      14.1110
     632      14.1646
     633      14.2181
     634      14.2715
     635      14.3247
     636      14.3777
     637      14.4307
     638      14.4834
     639      14.5361
     640      14.5886
     641      14.6410
     642      14.6932
     643      14.7453
     644      14.7972
     645      14.8490
     646      14.9007
     647      14.9522
     648      15.0036
     649      15.0548
     650      15.1059
     651      15.1568
     652      15.2076
     653      15.2583
     654      15.3088
     655      15.3592
     656      15.4095
     657      15.4597
     658      15.5098
     659      15.5597
     660      15.6094
     661      15.6590
     662      15.7085
     663      15.7577
     664      15.8069
     665      15.8558
     666      15.9046
     667      15.9533
     668      16.0017
     669      16.0501
     670      16.0982
     671      16.1462
     672      16.1940
     673      16.2416
     674      16.2891
     675      16.3364
     676      16.3835
     677      16.4305
     678      16.4773
     679      16.5239
     680      16.5704
     681      16.6166
     682      16.6627
     683      16.7086
     684      16.7544
     685      16.7999
     686      16.8453
     687      16.8905
     688      16.9355
     689      16.9803
     690      17.0249
     691      17.0694
     692      17.1136
     693      17.1577
     694      17.2016
     695      17.2453
     696      17.2888
     697      17.3321
     698      17.3753
     699      17.4182
     700      17.4609
     701      17.5025
     702      17.5439
     703      17.5851
     704      17.6261
     705      17.6668
     706      17.7074
     707      17.7477
     708      17.7878
     709      17.8277
     710      17.8673
     711      17.9068
     712      17.9460
     713      17.9850
     714      18.0238
     715      18.0624
     716      18.1008
     717      18.1389
     718      18.1769
     719      18.2146
     720      18.2521
     721      18.2894
     722      18.3265
     723      18.3634
     724      18.4000
     725      18.4365
     726      18.4727
     727      18.5088
     728      18.5446
     729      18.5802
     730      18.6155
     731      18.6507
     732      18.6857
     733      18.7204
     734      18.7550
     735      18.7893
     736      18.8234
     737      18.8573
     738      18.8910
     739      18.9245
     740      18.9578
     741      18.9908
     742      19.0237
     743      19.0563
     744      19.0888
     745      19.1210
     746      19.1530
     747      19.1848
     748      19.2164
     749      19.2478
     750      19.2790
     751      19.3100
     752      19.3407
     753      19.3713
     754      19.4016
     755      19.4318
     756      19.4617
     757      19.4914
     758      19.5210
     759      19.5503
     760      19.5794
     761      19.6083
     762      19.6370
     763      19.6655
     764      19.6938
     765      19.7218
     766      19.7497
     767      19.7774
     768      19.8049
     769      19.8321
     770      19.8592
     771      19.8860
     772      19.9127
     773      19.9391
     774      19.9654
     775      19.9914
     776      20.0173
     777      20.0429
     778      20.0683
     779      20.0935
     780      20.1186
     781      20.1434
     782      20.1680
     783      20.1924
     784      20.2167
     785      20.2407
     786      20.2645
     787      20.2881
     788      20.3115
     789      20.3347
     790      20.3577
     791      20.3805
     792      20.4032
     793      20.4256
     794      20.4478
     795      20.4698
     796      20.4916
     797      20.5132
     798      20.5346
     799      20.5558
     800      20.5769
     801      20.5971
     802      20.6171
     803      20.6368
     804      20.6564
     805      20.6758
     806      20.6950
     807      20.7141
     808      20.7329
     809      20.7515
     810      20.7699
     811      20.7882
     812      20.8062
     813      20.8241
     814      20.8417
     815      20.8592
     816      20.8765
     817      20.8936
     818      20.9105
     819      20.9272
     820      20.9437
     821      20.9601
     822      20.9762
     823      20.9922
     824      21.0080
     825      21.0236
     826      21.0390
     827      21.0543
     828      21.0693
     829      21.0842
     830      21.0989
     831      21.1134
     832      21.1277
     833      21.1418
     834      21.1558
     835      21.1696
     836      21.1832
     837      21.1967
     838      21.2099
     839      21.2230
     840      21.2359
     841      21.2486
     842      21.2612
     843      21.2736
     844      21.2858
     845      21.2978
     846      21.3097
     847      21.3214
     848      21.3329
     849      21.3442
     850      21.3554
     851      21.3664
     852      21.3772
     853      21.3879
     854      21.3984
     855      21.4087
     856      21.4189
     857      21.4289
     858      21.4387
     859      21.4484
     860      21.4579
     861      21.4673
     862      21.4764
     863      21.4855
     864      21.4943
     865      21.5030
     866      21.5116
     867      21.5199
     868      21.5281
     869      21.5362
     870      21.5441
     871      21.5518
     872      21.5594
     873      21.5668
     874      21.5741
     875      21.5812
     876      21.5882
     877      21.5950
     878      21.6016
     879      21.6081
     880      21.6144
     881      21.6206
     882      21.6267
     883      21.6325
     884      21.6383
     885      21.6439
     886      21.6493
     887      21.6546
     888      21.6597
     889      21.6647
     890      21.6696
     891      21.6743
     892      21.6788
     893      21.6832
     894      21.6875
     895      21.6916
     896      21.6956
     897      21.6994
     898      21.7031
     899      21.7066
     900      21.7100
     901      21.7138
     902      21.7174
     903      21.7209
     904      21.7242
     905      21.7274
     906      21.7305
     907      21.7334
     908      21.7362
     909      21.7389
     910      21.7414
     911      21.7438
     912      21.7461
     913      21.7482
     914      21.7502
     915      21.7521
     916      21.7538
     917      21.7554
     918      21.7568
     919      21.7582
     920      21.7594
     921      21.7605
     922      21.7614
     923      21.7622
     924      21.7629
     925      21.7635
     926      21.7639
     927      21.7642
     928      21.7644
     929      21.7645
     930      21.7644
     931      21.7642
     932      21.7639
     933      21.7634
     934      21.7628
     935      21.7621
     936      21.7613
     937      21.7604
     938      21.7593
     939      21.7581
     940      21.7568
     941      21.7553
     942      21.7538
     943      21.7521
     944      21.7503
     945      21.7484
     946      21.7463
     947      21.7441
     948      21.7418
     949      21.7394
     950      21.7369
     951      21.7343
     952      21.7315
     953      21.7286
     954      21.7256
     955      21.7225
     956      21.7193
     957      21.7159
     958      21.7125
     959      21.7089
     960      21.7052
     961      21.7014
     962      21.6975
     963      21.6934
     964      21.6893
     965      21.6850
     966      21.6806
     967      21.6761
     968      21.6715
     969      21.6668
     970      21.6620
     971      21.6570
     972      21.6520
     973      21.6469
     974      21.6416
     975      21.6362
     976      21.6307
     977      21.6251
     978      21.6194
     979      21.6136
     980      21.6077
     981      21.6017
     982      21.5955
     983      21.5893
     984      21.5829
     985      21.5765
     986      21.5699
     987      21.5633
     988      21.5565
     989      21.5496
     990      21.5427
     991      21.5356
     992      21.5284
     993      21.5211
     994      21.5137
     995      21.5063
     996      21.4987
     997      21.4910
     998      21.4832
     999      21.4753
    1000      21.4673
    1001      21.4592
    1002      21.4510
    1003      21.4427
    1004      21.4343
    1005      21.4258
    1006      21.4173
    1007      21.4086
    1008      21.3998
    1009      21.3909
    1010      21.3820
    1011      21.3729
    1012      21.3637
    1013      21.3545
    1014      21.3451
    1015      21.3357
    1016      21.3261
    1017      21.3165
    1018      21.3068
    1019      21.2970
    1020      21.2871
    1021      21.2771
    1022      21.2670
    1023      21.2568
    1024      21.2465
    1025      21.2361
    1026      21.2257
    1027      21.2151
    1028      21.2045
    1029      21.1938
    1030      21.1829
    1031      21.1720
    1032      21.1610
    1033      21.1500
    1034      21.1388
    1035      21.1275
    1036      21.1162
    1037      21.1048
    1038      21.0933
    1039      21.0817
    1040      21.0700
    1041      21.0582
    1042      21.0464
    1043      21.0345
    1044      21.0224
    1045      21.0103
    1046      20.9981
    1047      20.9859
    1048      20.9735
    1049      20.9611
    1050      20.9486
    1051      20.9356
    1052      20.9226
    1053      20.9095
    1054      20.8962
    1055      20.8830
    1056      20.8696
    1057      20.8562
    1058      20.8427
    1059      20.8291
    1060      20.8154
    1061      20.8017
    1062      20.7879
    1063      20.7740
    1064      20.7601
    1065      20.7461
    1066      20.7320
    1067      20.7179
    1068      20.7036
    1069      20.6894
    1070      20.6750
    1071      20.6606
    1072      20.6461
    1073      20.6315
    1074      20.6169
    1075      20.6022
    1076      20.5875
    1077      20.5726
    1078      20.5578
    1079      20.5428
    1080      20.5278
    1081      20.5128
    1082      20.4976
    1083      20.4824
    1084      20.4672
    1085      20.4519
    1086      20.4365
    1087      20.4211
    1088      20.4056
    1089      20.3900
    1090      20.3744
    1091      20.3588
    1092      20.3431
    1093      20.3273
    1094      20.3115
    1095      20.2956
    1096      20.2796
    1097      20.2637
    1098      20.2476
    1099      20.2315
    1100      20.2154
    1101      20.1992
    1102      20.1829
    1103      20.1667
    1104      20.1503
    1105      20.1339
    1106      20.1175
    1107      20.1010
    1108      20.0844
    1109      20.0678
    1110      20.0512
    1111      20.0345
    1112      20.0178
    1113      20.0010
    1114      19.9842
    1115      19.9674
    1116      19.9505
    1117      19.9335
    1118      19.9165
    1119      19.8995
    1120      19.8824
    1121      19.8653
    1122      19.8482
    1123      19.8310
    1124      19.8138
    1125      19.7965
    1126      19.7792
    1127      19.7618
    1128      19.7445
    1129      19.7271
    1130      19.7096
    1131      19.6921
    1132      19.6746
    1133      19.6570
    1134      19.6395
    1135      19.6218
    1136      19.6042
    1137      19.5865
    1138      19.5688
    1139      19.5510
    1140      19.5332
    1141      19.5154
    1142      19.4976
    1143      19.4797
    1144      19.4618
    1145      19.4439
    1146      19.4259
    1147      19.4080
    1148      19.3900
    1149      19.3719
    1150      19.3539
    1151      19.3358
    1152      19.3178
    1153      19.2997
    1154      19.2816
    1155      19.2634
    1156      19.2453
    1157      19.2271
    1158      19.2089
    1159      19.1907
    1160      19.1724
    1161      19.1541
    1162      19.1359
    1163      19.1175
    1164      19.0992
    1165      19.0809
    1166      19.0625
    1167      19.0441
    1168      19.0257
    1169      19.0073
    1170      18.9889
    1171      18.9704
    1172      18.9520
    1173      18.9335
    1174      18.9150
    1175      18.8965
    1176      18.8780
    1177      18.8595
    1178      18.8409
    1179      18.8224
    1180      18.8038
    1181      18.7852
    1182      18.7667
    1183      18.7481
    1184      18.7295
    1185      18.7108
    1186      18.6922
    1187      18.6736
    1188      18.6550
    1189      18.6363
    1190      18.6177
    1191      18.5990
    1192      18.5804
    1193      18.5617
    1194      18.5430
    1195      18.5243
    1196      18.5057
    1197      18.4870
    1198      18.4683
    1199      18.4496
    1200      18.4309
    1201      18.4127
    1202      18.3946
    1203      18.3764
    1204      18.3582
    1205      18.3400
    1206      18.3219
    1207      18.3037
    1208      18.2856
    1209      18.2674
    1210      18.2493
    1211      18.2312
    1212      18.2131
    1213      18.1950
    1214      18.1769
    1215      18.1588
    1216      18.1407
    1217      18.1226
    1218      18.1046
    1219      18.0865
    1220      18.0685
    1221      18.0504
    1222      18.0324
    1223      18.0143
    1224      17.9963
    1225      17.9783
    1226      17.9603
    1227      17.9423
    1228      17.9243
    1229      17.9063
    1230      17.8883
    1231      17.8703
    1232      17.8523
    1233      17.8344
    1234      17.8164
    1235      17.7984
    1236      17.7805
    1237      17.7625
    1238      17.7446
    1239      17.7267
    1240      17.7087
    1241      17.6908
    1242      17.6729
    1243      17.6549
    1244      17.6370
    1245      17.6191
    1246      17.6012
    1247      17.5833
    1248      17.5654
    1249      17.5476
    1250      17.5297
    1251      17.5118
    1252      17.4939
    1253      17.4760
    1254      17.4582
    1255      17.4403
    1256      17.4224
    1257      17.4046
    1258      17.3867
    1259      17.3689
    1260      17.3510
    1261      17.3332
    1262      17.3153
    1263      17.2975
    1264      17.2797
    1265      17.2619
    1266      17.2440
    1267      17.2262
    1268      17.2084
    1269      17.1906
    1270      17.1727
    1271      17.1549
    1272      17.1371
    1273      17.1193
    1274      17.1015
    1275      17.0837
    1276      17.0659
    1277      17.0481
    1278      17.0303
    1279      17.0125
    1280      16.9947
    1281      16.9769
    1282      16.9591
    1283      16.9413
    1284      16.9235
    1285      16.9057
    1286      16.8880
    1287      16.8702
    1288      16.8524
    1289      16.8346
    1290      16.8168
    1291      16.7990
    1292      16.7812
    1293      16.7635
    1294      16.7457
    1295      16.7279
    1296      16.7101
    1297      16.6923
    1298      16.6746
    1299      16.6568
    1300      16.6390
    1301      16.6198
    1302      16.6006
    1303      16.5814
    1304      16.5622
    1305      16.5429
    1306      16.5237
    1307      16.5044
    1308      16.4851
    1309      16.4658
    1310      16.4465
    1311      16.4272
    1312      16.4079
    1313      16.3885
    1314      16.3691
    1315      16.3498
    1316      16.3304
    1317      16.3109
    1318      16.2915
    1319      16.2721
    1320      16.2527
    1321      16.2332
    1322      16.2138
    1323      16.1943
    1324      16.1748
    1325      16.1553
    1326      16.1358
    1327      16.1163
    1328      16.0968
    1329      16.0772
    1330      16.0577
    1331      16.0381
    1332      16.0186
    1333      15.9990
    1334      15.9795
    1335      15.9599
    1336      15.9403
    1337      15.9207
    1338      15.9011
    1339      15.8815
    1340      15.8619
    1341      15.8422
    1342      15.8226
    1343      15.8030
    1344      15.7833
    1345      15.7637
    1346      15.7441
    1347      15.7244
    1348      15.7047
    1349      15.6851
    1350      15.6654
    1351      15.6458
    1352      15.6261
    1353      15.6064
    1354      15.5867
    1355      15.5670
    1356      15.5474
    1357      15.5277
    1358      15.5080
    1359      15.4883
    1360      15.4686
    1361      15.4489
    1362      15.4293
    1363      15.4096
    1364      15.3899
    1365      15.3702
    1366      15.3505
    1367      15.3308
    1368      15.3111
    1369      15.2915
    1370      15.2718
    1371      15.2521
    1372      15.2324
    1373      15.2127
    1374      15.1931
    1375      15.1734
    1376      15.1537
    1377      15.1341
    1378      15.1144
    1379      15.0947
    1380      15.0751
    1381      15.0554
    1382      15.0358
    1383      15.0162
    1384      14.9965
    1385      14.9769
    1386      14.9573
    1387      14.9376
    1388      14.9180
    1389      14.8984
    1390      14.8788
    1391      14.8592
    1392      14.8397
    1393      14.8201
    1394      14.8005
    1395      14.7809
    1396      14.7614
    1397      14.7418
    1398      14.7223
    1399      14.7028
    1400      14.6833
    1401      14.6638
    1402      14.6443
    1403      14.6248
    1404      14.6053
    1405      14.5858
    1406      14.5664
    1407      14.5469
    1408      14.5275
    1409      14.5081
    1410      14.4887
    1411      14.4693
    1412      14.4499
    1413      14.4305
    1414      14.4111
    1415      14.3918
    1416      14.3724
    1417      14.3531
    1418      14.3338
    1419      14.3145
    1420      14.2952
    1421      14.2760
    1422      14.2567
    1423      14.2375
    1424      14.2183
    1425      14.1991
    1426      14.1799
    1427      14.1607
    1428      14.1416
    1429      14.1224
    1430      14.1033
    1431      14.0842
    1432      14.0651
    1433      14.0461
    1434      14.0270
    1435      14.0080
    1436      13.9890
    1437      13.9700
    1438      13.9510
    1439      13.9321
    1440      13.9131
    1441      13.8942
    1442      13.8753
    1443      13.8564
    1444      13.8376
    1445      13.8188
    1446      13.7999
    1447      13.7811
    1448      13.7624
    1449      13.7436
    1450      13.7249
    1451      13.7062
    1452      13.6875
    1453      13.6689
    1454      13.6502
    1455      13.6316
    1456      13.6131
    1457      13.5945
    1458      13.5759
    1459      13.5574
    1460      13.5389
    1461      13.5205
    1462      13.5021
    1463      13.4836
    1464      13.4653
    1465      13.4469
    1466      13.4286
    1467      13.4102
    1468      13.3920
    1469      13.3737
    1470      13.3555
    1471      13.3373
    1472      13.3191
    1473      13.3010
    1474      13.2829
    1475      13.2648
    1476      13.2467
    1477      13.2287
    1478      13.2107
    1479      13.1927
    1480      13.1748
    1481      13.1569
    1482      13.1390
    1483      13.1212
    1484      13.1033
    1485      13.0856
    1486      13.0678
    1487      13.0501
    1488      13.0324
    1489      13.0147
    1490      12.9971
    1491      12.9795
    1492      12.9620
    1493      12.9445
    1494      12.9270
    1495      12.9095
    1496      12.8921
    1497      12.8747
    1498      12.8573
    1499      12.8400
    1500      12.8227
    1501      12.8055
    1502      12.7883
    1503      12.7711
    1504      12.7540
    1505      12.7369
    1506      12.7198
    1507      12.7028
    1508      12.6858
    1509      12.6688
    1510      12.6519
    1511      12.6350
    1512      12.6182
    1513      12.6014
    1514      12.5846
    1515      12.5679
    1516      12.5512
    1517      12.5345
    1518      12.5180
    1519      12.5014
    1520      12.4849
    1521      12.4684
    1522      12.4519
    1523      12.4355
    1524      12.4192
    1525      12.4028
    1526      12.3866
    1527      12.3703
    1528      12.3541
    1529      12.3380
    1530      12.3219
    1531      12.3058
    1532      12.2898
    1533      12.2738
    1534      12.2579
    1535      12.2420
    1536      12.2261
    1537      12.2103
    1538      12.1946
    1539      12.1789
    1540      12.1632
    1541      12.1489
    1542      12.1346
    1543      12.1203
    1544      12.1061
    1545      12.0918
    1546      12.0776
    1547      12.0633
    1548      12.0491
    1549      12.0349
    1550      12.0207
    1551      12.0065
    1552      11.9923
    1553      11.9782
    1554      11.9640
    1555      11.9498
    1556      11.9357
    1557      11.9215
    1558      11.9074
    1559      11.8933
    1560      11.8792
    1561      11.8650
    1562      11.8509
    1563      11.8368
    1564      11.8227
    1565      11.8086
    1566      11.7945
    1567      11.7805
    1568      11.7664
    1569      11.7523
    1570      11.7382
    1571      11.7242
    1572      11.7101
    1573      11.6961
    1574      11.6820
    1575      11.6679
    1576      11.6539
    1577      11.6398
    1578      11.6258
    1579      11.6117
    1580      11.5977
    1581      11.5836
    1582      11.5696
    1583      11.5555
    1584      11.5415
    1585      11.5274
    1586      11.5134
    1587      11.4993
    1588      11.4853
    1589      11.4712
    1590      11.4572
    1591      11.4431
    1592      11.4291
    1593      11.4150
    1594      11.4009
    1595      11.3869
    1596      11.3728
    1597      11.3587
    1598      11.3446
    1599      11.3305
    1600      11.3164
    1601      11.3019
    1602      11.2873
    1603      11.2726
    1604      11.2580
    1605      11.2434
    1606      11.2288
    1607      11.2141
    1608      11.1994
    1609      11.1848
    1610      11.1701
    1611      11.1554
    1612      11.1407
    1613      11.1260
    1614      11.1112
    1615      11.0965
    1616      11.0818
    1617      11.0670
    1618      11.0522
    1619      11.0375
    1620      11.0227
    1621      11.0079
    1622      10.9931
    1623      10.9783
    1624      10.9635
    1625      10.9487
    1626      10.9339
    1627      10.9191
    1628      10.9042
    1629      10.8894
    1630      10.8745
    1631      10.8597
    1632      10.8448
    1633      10.8300
    1634      10.8151
    1635      10.8002
    1636      10.7853
    1637      10.7704
    1638      10.7555
    1639      10.7406
    1640      10.7257
    1641      10.7108
    1642      10.6959
    1643      10.6810
    1644      10.6661
    1645      10.6511
    1646      10.6362
    1647      10.6213
    1648      10.6063
    1649      10.5914
    1650      10.5765
    1651      10.5615
    1652      10.5466
    1653      10.5316
    1654      10.5167
    1655      10.5017
    1656      10.4868
    1657      10.4718
    1658      10.4569
    1659      10.4419
    1660      10.4270
    1661      10.4120
    1662      10.3971
    1663      10.3821
    1664      10.3672
    1665      10.3522
    1666      10.3372
    1667      10.3223
    1668      10.3073
    1669      10.2924
    1670      10.2774
    1671      10.2625
    1672      10.2475
    1673      10.2325
    1674      10.2176
    1675      10.2027
    1676      10.1877
    1677      10.1728
    1678      10.1578
    1679      10.1429
    1680      10.1280
    1681      10.1130
    1682      10.0981
    1683      10.0832
    1684      10.0682
    1685      10.0533
    1686      10.0384
    1687      10.0235
    1688      10.0086
    1689      9.99371
    1690      9.97881
    1691      9.96392
    1692      9.94903
    1693      9.93415
    1694      9.91928
    1695      9.90441
    1696      9.88955
    1697      9.87469
    1698      9.85984
    1699      9.84499
    1700      9.83015
    1701      9.81626
    1702      9.80238
    1703      9.78852
    1704      9.77468
    1705      9.76085
    1706      9.74705
    1707      9.73327
    1708      9.71950
    1709      9.70576
    1710      9.69203
    1711      9.67832
    1712      9.66464
    1713      9.65097
    1714      9.63732
    1715      9.62369
    1716      9.61007
    1717      9.59648
    1718      9.58291
    1719      9.56936
    1720      9.55582
    1721      9.54231
    1722      9.52881
    1723      9.51533
    1724      9.50187
    1725      9.48843
    1726      9.47501
    1727      9.46161
    1728      9.44823
    1729      9.43487
    1730      9.42153
    1731      9.40820
    1732      9.39490
    1733      9.38161
    1734      9.36835
    1735      9.35510
    1736      9.34187
    1737      9.32866
    1738      9.31547
    1739      9.30230
    1740      9.28915
    1741      9.27601
    1742      9.26290
    1743      9.24981
    1744      9.23673
    1745      9.22368
    1746      9.21064
    1747      9.19762
    1748      9.18462
    1749      9.17164
    1750      9.15868
    1751      9.14574
    1752      9.13282
    1753      9.11992
    1754      9.10703
    1755      9.09417
    1756      9.08133
    1757      9.06850
    1758      9.05569
    1759      9.04291
    1760      9.03014
    1761      9.01739
    1762      9.00466
    1763      8.99195
    1764      8.97926
    1765      8.96659
    1766      8.95393
    1767      8.94130
    1768      8.92868
    1769      8.91609
    1770      8.90351
    1771      8.89095
    1772      8.87842
    1773      8.86590
    1774      8.85340
    1775      8.84092
    1776      8.82845
    1777      8.81601
    1778      8.80359
    1779      8.79119
    1780      8.77880
    1781      8.76644
    1782      8.75409
    1783      8.74176
    1784      8.72946
    1785      8.71717
    1786      8.70490
    1787      8.69265
    1788      8.68042
    1789      8.66821
    1790      8.65601
    1791      8.64384
    1792      8.63169
    1793      8.61955
    1794      8.60744
    1795      8.59534
    1796      8.58326
    1797      8.57121
    1798      8.55917
    1799      8.54715
    1800      8.53515
    1801      8.52316
    1802      8.51120
    1803      8.49926
    1804      8.48734
    1805      8.47543
    1806      8.46355
    1807      8.45168
    1808      8.43984
    1809      8.42801
    1810      8.41620
    1811      8.40441
    1812      8.39264
    1813      8.38089
    1814      8.36916
    1815      8.35745
    1816      8.34576
    1817      8.33408
    1818      8.32243
    1819      8.31079
    1820      8.29918
    1821      8.28758
    1822      8.27600
    1823      8.26445
    1824      8.25291
    1825      8.24139
    1826      8.22989
    1827      8.21841
    1828      8.20695
    1829      8.19550
    1830      8.18408
    1831      8.17268
    1832      8.16129
    1833      8.14992
    1834      8.13858
    1835      8.12725
    1836      8.11594
    1837      8.10465
    1838      8.09338
    1839      8.08214
    1840      8.07090
    1841      8.05969
    1842      8.04850
    1843      8.03733
    1844      8.02617
    1845      8.01504
    1846      8.00392
    1847      7.99283
    1848      7.98175
    1849      7.97069
    1850      7.95965
    1851      7.94864
    1852      7.93764
    1853      7.92666
    1854      7.91570
    1855      7.90475
    1856      7.89383
    1857      7.88293
    1858      7.87204
    1859      7.86118
    1860      7.85033
    1861      7.83951
    1862      7.82870
    1863      7.81791
    1864      7.80714
    1865      7.79639
    1866      7.78566
    1867      7.77495
    1868      7.76426
    1869      7.75359
    1870      7.74294
    1871      7.73230
    1872      7.72169
    1873      7.71109
    1874      7.70052
    1875      7.68996
    1876      7.67942
    1877      7.66891
    1878      7.65841
    1879      7.64793
    1880      7.63747
    1881      7.62703
    1882      7.61661
    1883      7.60620
    1884      7.59582
    1885      7.58546
    1886      7.57512
    1887      7.56479
    1888      7.55448
    1889      7.54420
    1890      7.53393
    1891      7.52368
    1892      7.51345
    1893      7.50325
    1894      7.49306
    1895      7.48288
    1896      7.47273
    1897      7.46260
    1898      7.45249
    1899      7.44240
    1900      7.43232
    1901      7.42227
    1902      7.41223
    1903      7.40222
    1904      7.39222
    1905      7.38224
    1906      7.37228
    1907      7.36235
    1908      7.35243
    1909      7.34253
    1910      7.33264
    1911      7.32278
    1912      7.31294
    1913      7.30312
    1914      7.29331
    1915      7.28353
    1916      7.27377
    1917      7.26402
    1918      7.25429
    1919      7.24459
    1920      7.23490
    1921      7.22523
    1922      7.21558
    1923      7.20595
    1924      7.19634
    1925      7.18675
    1926      7.17718
    1927      7.16763
    1928      7.15809
    1929      7.14858
    1930      7.13909
    1931      7.12961
    1932      7.12016
    1933      7.11072
    1934      7.10130
    1935      7.09191
    1936      7.08253
    1937      7.07317
    1938      7.06383
    1939      7.05451
    1940      7.04521
    1941      7.03592
    1942      7.02666
    1943      7.01742
    1944      7.00820
    1945      6.99899
    1946      6.98981
    1947      6.98064
    1948      6.97150
    1949      6.96237
    1950      6.95326
    1951      6.94417
    1952      6.93510
    1953      6.92606
    1954      6.91703
    1955      6.90801
    1956      6.89902
    1957      6.89005
    1958      6.88110
    1959      6.87217
    1960      6.86325
    1961      6.85436
    1962      6.84548
    1963      6.83663
    1964      6.82779
    1965      6.81897
    1966      6.81018
    1967      6.80140
    1968      6.79264
    1969      6.78390
    1970      6.77518
    1971      6.76648
    1972      6.75780
    1973      6.74914
    1974      6.74049
    1975      6.73187
    1976      6.72327
    1977      6.71468
    1978      6.70612
    1979      6.69757
    1980      6.68904
    1981      6.68054
    1982      6.67205
    1983      6.66358
    1984      6.65513
    1985      6.64670
    1986      6.63829
    1987      6.62990
    1988      6.62153
    1989      6.61318
    1990      6.60485
    1991      6.59653
    1992      6.58824
    1993      6.57997
    1994      6.57171
    1995      6.56347
    1996      6.55526
    1997      6.54706
    1998      6.53888
    1999      6.53073
    2000      6.52259
    2001      6.51486
    2002      6.50714
    2003      6.49944
    2004      6.49176
    2005      6.48409
    2006      6.47643
    2007      6.46878
    2008      6.46115
    2009      6.45354
    2010      6.44593
    2011      6.43834
    2012      6.43076
    2013      6.42320
    2014      6.41565
    2015      6.40811
    2016      6.40058
    2017      6.39307
    2018      6.38557
    2019      6.37809
    2020      6.37061
    2021      6.36315
    2022      6.35570
    2023      6.34827
    2024      6.34084
    2025      6.33343
    2026      6.32603
    2027      6.31864
    2028      6.31127
    2029      6.30390
    2030      6.29655
    2031      6.28921
    2032      6.28188
    2033      6.27457
    2034      6.26726
    2035      6.25997
    2036      6.25269
    2037      6.24542
    2038      6.23816
    2039      6.23091
    2040      6.22367
    2041      6.21645
    2042      6.20923
    2043      6.20203
    2044      6.19483
    2045      6.18765
    2046      6.18048
    2047      6.17332
    2048      6.16617
    2049      6.15903
    2050      6.15190
    2051      6.14478
    2052      6.13767
    2053      6.13057
    2054      6.12348
    2055      6.11640
    2056      6.10933
    2057      6.10227
    2058      6.09522
    2059      6.08818
    2060      6.08115
    2061      6.07412
    2062      6.06711
    2063      6.06011
    2064      6.05312
    2065      6.04613
    2066      6.03916
    2067      6.03219
    2068      6.02523
    2069      6.01828
    2070      6.01134
    2071      6.00441
    2072      5.99749
    2073      5.99058
    2074      5.98367
    2075      5.97678
    2076      5.96989
    2077      5.96301
    2078      5.95613
    2079      5.94927
    2080      5.94241
    2081      5.93556
    2082      5.92872
    2083      5.92189
    2084      5.91506
    2085      5.90825
    2086      5.90144
    2087      5.89464
    2088      5.88784
    2089      5.88105
    2090      5.87427
    2091      5.86750
    2092      5.86073
    2093      5.85397
    2094      5.84722
    2095      5.84047
    2096      5.83373
    2097      5.82700
    2098      5.82028
    2099      5.81356
    2100      5.80685
    2101      5.79984
    2102      5.79284
    2103      5.78584
    2104      5.77885
    2105      5.77185
    2106      5.76487
    2107      5.75788
    2108      5.75090
    2109      5.74393
    2110      5.73695
    2111      5.72998
    2112      5.72301
    2113      5.71605
    2114      5.70909
    2115      5.70213
    2116      5.69518
    2117      5.68823
    2118      5.68129
    2119      5.67435
    2120      5.66741
    2121      5.66047
    2122      5.65354
    2123      5.64661
    2124      5.63969
    2125      5.63277
    2126      5.62585
    2127      5.61894
    2128      5.61203
    2129      5.60513
    2130      5.59823
    2131      5.59133
    2132      5.58443
    2133      5.57754
    2134      5.57066
    2135      5.56377
    2136      5.55689
    2137      5.55002
    2138      5.54315
    2139      5.53628
    2140      5.52942
    2141      5.52256
    2142      5.51570
    2143      5.50885
    2144      5.50200
    2145      5.49515
    2146      5.48831
    2147      5.48148
    2148      5.47464
    2149      5.46781
    2150      5.46099
    2151      5.45417
    2152      5.44735
    2153      5.44054
    2154      5.43373
    2155      5.42693
    2156      5.42013
    2157      5.41333
    2158      5.40654
    2159      5.39975
    2160      5.39296
    2161      5.38618
    2162      5.37940
    2163      5.37263
    2164      5.36586
    2165      5.35910
    2166      5.35234
    2167      5.34558
    2168      5.33883
    2169      5.33208
    2170      5.32534
    2171      5.31860
    2172      5.31186
    2173      5.30513
    2174      5.29841
    2175      5.29168
    2176      5.28496
    2177      5.27825
    2178      5.27154
    2179      5.26483
    2180      5.25813
    2181      5.25144
    2182      5.24474
    2183      5.23806
    2184      5.23137
    2185      5.22469
    2186      5.21802
    2187      5.21134
    2188      5.20468
    2189      5.19802
    2190      5.19136
    2191      5.18470
    2192      5.17805
    2193      5.17141
    2194      5.16477
    2195      5.15813
    2196      5.15150
    2197      5.14488
    2198      5.13825
    2199      5.13164
    2200      5.12502
    2201      5.11841
    2202      5.11181
    2203      5.10521
    2204      5.09861
    2205      5.09202
    2206      5.08544
    2207      5.07886
    2208      5.07228
    2209      5.06571
    2210      5.05914
    2211      5.05258
    2212      5.04602
    2213      5.03946
    2214      5.03291
    2215      5.02637
    2216      5.01983
    2217      5.01329
    2218      5.00676
    2219      5.00024
    2220      4.99372
    2221      4.98720
    2222      4.98069
    2223      4.97418
    2224      4.96768
    2225      4.96118
    2226      4.95469
    2227      4.94820
    2228      4.94172
    2229      4.93524
    2230      4.92877
    2231      4.92230
    2232      4.91584
    2233      4.90938
    2234      4.90293
    2235      4.89648
    2236      4.89004
    2237      4.88360
    2238      4.87716
    2239      4.87073
    2240      4.86431
    2241      4.85789
    2242      4.85148
    2243      4.84507
    2244      4.83866
    2245      4.83226
    2246      4.82587
    2247      4.81948
    2248      4.81310
    2249      4.80672
    2250      4.80034
    2251      4.79398
    2252      4.78761
    2253      4.78125
    2254      4.77490
    2255      4.76855
    2256      4.76221
    2257      4.75587
    2258      4.74954
    2259      4.74321
    2260      4.73689
    2261      4.73057
    2262      4.72426
    2263      4.71795
    2264      4.71165
    2265      4.70535
    2266      4.69906
    2267      4.69278
    2268      4.68650
    2269      4.68022
    2270      4.67395
    2271      4.66769
    2272      4.66143
    2273      4.65517
    2274      4.64892
    2275      4.64268
    2276      4.63644
    2277      4.63021
    2278      4.62398
    2279      4.61776
    2280      4.61154
    2281      4.60533
    2282      4.59913
    2283      4.59293
    2284      4.58673
    2285      4.58054
    2286      4.57436
    2287      4.56818
    2288      4.56201
    2289      4.55584
    2290      4.54968
    2291      4.54352
    2292      4.53737
    2293      4.53123
    2294      4.52509
    2295      4.51895
    2296      4.51282
    2297      4.50670
    2298      4.50058
    2299      4.49447
    2300      4.48837
    2301      4.48221
    2302      4.47607
    2303      4.46993
    2304      4.46380
    2305      4.45768
    2306      4.45156
    2307      4.44545
    2308      4.43934
    2309      4.43324
    2310      4.42715
    2311      4.42106
    2312      4.41498
    2313      4.40890
    2314      4.40283
    2315      4.39677
    2316      4.39072
    2317      4.38467
    2318      4.37863
    2319      4.37259
    2320      4.36657
    2321      4.36054
    2322      4.35453
    2323      4.34852
    2324      4.34252
    2325      4.33652
    2326      4.33054
    2327      4.32455
    2328      4.31858
    2329      4.31261
    2330      4.30665
    2331      4.30070
    2332      4.29475
    2333      4.28881
    2334      4.28288
    2335      4.27695
    2336      4.27104
    2337      4.26512
    2338      4.25922
    2339      4.25332
    2340      4.24743
    2341      4.24155
    2342      4.23567
    2343      4.22980
    2344      4.22394
    2345      4.21809
    2346      4.21224
    2347      4.20640
    2348      4.20057
    2349      4.19475
    2350      4.18893
    2351      4.18312
    2352      4.17732
    2353      4.17152
    2354      4.16574
    2355      4.15996
    2356      4.15419
    2357      4.14842
    2358      4.14266
    2359      4.13692
    2360      4.13117
    2361      4.12544
    2362      4.11971
    2363      4.11400
    2364      4.10829
    2365      4.10258
    2366      4.09689
    2367      4.09120
    2368      4.08552
    2369      4.07985
    2370      4.07419
    2371      4.06853
    2372      4.06289
    2373      4.05725
    2374      4.05162
    2375      4.04599
    2376      4.04038
    2377      4.03477
    2378      4.02917
    2379      4.02358
    2380      4.01800
    2381      4.01243
    2382      4.00686
    2383      4.00130
    2384      3.99575
    2385      3.99021
    2386      3.98468
    2387      3.97916
    2388      3.97364
    2389      3.96814
    2390      3.96264
    2391      3.95715
    2392      3.95166
    2393      3.94619
    2394      3.94073
    2395      3.93527
    2396      3.92983
    2397      3.92439
    2398      3.91896
    2399      3.91354
    2400      3.90812
    2401      3.90272
    2402      3.89732
    2403      3.89194
    2404      3.88656
    2405      3.88119
    2406      3.87583
    2407      3.87048
    2408      3.86514
    2409      3.85981
    2410      3.85449
    2411      3.84917
    2412      3.84386
    2413      3.83857
    2414      3.83328
    2415      3.82800
    2416      3.82273
    2417      3.81747
    2418      3.81222
    2419      3.80698
    2420      3.80175
    2421      3.79653
    2422      3.79131
    2423      3.78611
    2424      3.78091
    2425      3.77573
    2426      3.77055
    2427      3.76538
    2428      3.76023
    2429      3.75508
    2430      3.74994
    2431      3.74481
    2432      3.73970
    2433      3.73459
    2434      3.72949
    2435      3.72440
    2436      3.71932
    2437      3.71424
    2438      3.70918
    2439      3.70413
    2440      3.69909
    2441      3.69406
    2442      3.68904
    2443      3.68402
    2444      3.67902
    2445      3.67403
    2446      3.66905
    2447      3.66408
    2448      3.65911
    2449      3.65416
    2450      3.64922
    2451      3.64429
    2452      3.63936
    2453      3.63445
    2454      3.62955
    2455      3.62466
    2456      3.61978
    2457      3.61491
    2458      3.61005
    2459      3.60520
    2460      3.60035
    2461      3.59553
    2462      3.59070
    2463      3.58590
    2464      3.58110
    2465      3.57631
    2466      3.57153
    2467      3.56676
    2468      3.56201
    2469      3.55726
    2470      3.55252
    2471      3.54780
    2472      3.54308
    2473      3.53838
    2474      3.53369
    2475      3.52900
    2476      3.52433
    2477      3.51967
    2478      3.51502
    2479      3.51038
    2480      3.50575
    2481      3.50114
    2482      3.49653
    2483      3.49193
    2484      3.48735
    2485      3.48277
    2486      3.47821
    2487      3.47366
    2488      3.46912
    2489      3.46459
    2490      3.46007
    2491      3.45556
    2492      3.45106
    2493      3.44658
    2494      3.44210
    2495      3.43764
    2496      3.43319
    2497      3.42875
    2498      3.42432
    2499      3.41990
    2500      3.41549
