3.527618408203125000e+02
3.560792541503906250e+02
3.593973083496093750e+02
3.627160034179687500e+02
3.660354003906250000e+02
3.693553466796875000e+02
3.726760253906250000e+02
3.759972229003906250e+02
3.793190612792968750e+02
3.826414489746093750e+02
3.859644775390625000e+02
3.892880554199218750e+02
3.926122131347656250e+02
3.959369201660156250e+02
3.992621459960937500e+02
4.025879516601562500e+02
4.059142150878906250e+02
4.092410888671875000e+02
4.125683593750000000e+02
4.158962097167968750e+02
4.192245178222656250e+02
4.225533142089843750e+02
4.258825683593750000e+02
4.292122802734375000e+02
4.325424194335937500e+02
4.358730163574218750e+02
4.392040405273437500e+02
4.425354614257812500e+02
4.458673400878906250e+02
4.491995849609375000e+02
4.525322265625000000e+02
4.558652038574218750e+02
4.591985778808593750e+02
4.625323181152343750e+02
4.658664245605468750e+02
4.692008666992187500e+02
4.725355834960937500e+02
4.758706665039062500e+02
4.792060546875000000e+02
4.825417480468750000e+02
4.858777160644531250e+02
4.892139892578125000e+02
4.925504760742187500e+02
4.958872985839843750e+02
4.992243041992187500e+02
5.025616149902343750e+02
5.058991394042968750e+02
5.092368164062500000e+02
5.125747680664062500e+02
5.159129638671875000e+02
5.192512817382812500e+02
5.225897216796875000e+02
5.259284667968750000e+02
5.292673339843750000e+02
5.326063232421875000e+02
5.359454956054687500e+02
5.392847900390625000e+02
5.426242065429687500e+02
5.459637451171875000e+02
5.493033447265625000e+02
5.526430664062500000e+02
5.559827880859375000e+02
5.593227539062500000e+02
5.626627197265625000e+02
5.660026245117187500e+02
5.693426513671875000e+02
5.726828002929687500e+02
5.760228881835937500e+02
5.793630371093750000e+02
5.827031250000000000e+02
5.860432128906250000e+02
5.893834228515625000e+02
5.927235107421875000e+02
5.960635375976562500e+02
5.994035034179687500e+02
6.027434692382812500e+02
6.060834350585937500e+02
6.094232177734375000e+02
6.127628784179687500e+02
6.161026000976562500e+02
6.194421386718750000e+02
6.227816162109375000e+02
6.261209106445312500e+02
6.294600219726562500e+02
6.327991333007812500e+02
6.361380615234375000e+02
6.394766845703125000e+02
6.428153076171875000e+02
6.461536865234375000e+02
6.494918823242187500e+02
6.528298950195312500e+02
6.561676025390625000e+02
6.595051879882812500e+02
6.628425903320312500e+02
6.661796875000000000e+02
6.695164794921875000e+02
6.728530273437500000e+02
6.761893920898437500e+02
6.795255126953125000e+02
6.828612060546875000e+02
6.861966552734375000e+02
6.895317993164062500e+02
6.928666381835937500e+02
6.962011108398437500e+02
6.995352172851562500e+02
7.028690795898437500e+02
7.062025756835937500e+02
7.095357055664062500e+02
7.128684082031250000e+02
7.162007446289062500e+02
7.195326538085937500e+02
7.228642578125000000e+02
7.261953125000000000e+02
7.295260009765625000e+02
7.328562622070312500e+02
7.361860961914062500e+02
7.395155029296875000e+02
7.428442993164062500e+02
7.461727905273437500e+02
7.495007324218750000e+02
7.528281860351562500e+02
7.561551513671875000e+02
7.594815063476562500e+02
7.628074340820312500e+02
7.661328735351562500e+02
7.694576416015625000e+02
7.727819213867187500e+02
7.761056518554687500e+02
7.794287719726562500e+02
7.827513427734375000e+02
7.860732421875000000e+02
7.893946533203125000e+02
7.927154541015625000e+02
7.960356445312500000e+02
7.993551025390625000e+02
8.026739501953125000e+02
8.059921875000000000e+02
8.093097534179687500e+02
8.126266479492187500e+02
8.159428100585937500e+02
8.192583007812500000e+02
8.225731811523437500e+02
8.258873291015625000e+02
8.292006225585937500e+02
8.325133666992187500e+02
8.358252563476562500e+02
8.391364746093750000e+02
8.424468383789062500e+02
8.457565307617187500e+02
8.490653686523437500e+02
8.523735351562500000e+02
8.556807250976562500e+02
8.589871826171875000e+02
8.622928466796875000e+02
8.655977783203125000e+02
8.689017333984375000e+02
8.722048339843750000e+02
8.755071411132812500e+02
8.788085937500000000e+02
8.821091918945312500e+02
8.854088134765625000e+02
8.887075805664062500e+02
8.920054931640625000e+02
8.953024902343750000e+02
8.985984497070312500e+02
9.018935546875000000e+02
9.051876831054687500e+02
9.084809570312500000e+02
9.117731933593750000e+02
9.150643920898437500e+02
9.183546752929687500e+02
9.216440429687500000e+02
9.249323120117187500e+02
9.282194824218750000e+02
9.315057983398437500e+02
9.347910156250000000e+02
9.380751953125000000e+02
9.413583984375000000e+02
9.446403198242187500e+02
9.479213256835937500e+02
9.538855590820312500e+02
9.603203125000000000e+02
9.667372436523437500e+02
9.731368408203125000e+02
9.795191040039062500e+02
9.858842163085937500e+02
9.922321166992187500e+02
9.985629272460937500e+02
1.004876953125000000e+03
1.011174011230468750e+03
1.017454528808593750e+03
1.023718261718750000e+03
1.029965576171875000e+03
1.036196655273437500e+03
1.042411254882812500e+03
1.048609741210937500e+03
1.054792236328125000e+03
1.060958496093750000e+03
1.067109130859375000e+03
1.073243896484375000e+03
1.079363037109375000e+03
1.085466674804687500e+03
1.091554565429687500e+03
1.097627441406250000e+03
1.103684814453125000e+03
1.109727172851562500e+03
1.115754394531250000e+03
1.121766845703125000e+03
1.127764160156250000e+03
1.133746948242187500e+03
1.139714843750000000e+03
1.145668457031250000e+03
1.151607299804687500e+03
1.157531982421875000e+03
1.163442382812500000e+03
1.169338623046875000e+03
1.175220581054687500e+03
1.181088745117187500e+03
1.186942993164062500e+03
1.192783569335937500e+03
1.198610229492187500e+03
1.204423339843750000e+03
1.210223022460937500e+03
1.216009155273437500e+03
1.221782104492187500e+03
1.227541870117187500e+03
1.233288330078125000e+03
1.239021728515625000e+03
1.244742309570312500e+03
1.250450073242187500e+03
1.256144897460937500e+03
1.261827148437500000e+03
1.267496826171875000e+03
1.273154174804687500e+03
1.278798706054687500e+03
1.284431152343750000e+03
1.290051269531250000e+03
1.295659545898437500e+03
1.301255493164062500e+03
1.306839477539062500e+03
1.312411743164062500e+03
1.317971923828125000e+03
1.323520629882812500e+03
1.329057739257812500e+03
1.334583251953125000e+03
1.340097290039062500e+03
1.345599975585937500e+03
1.351091430664062500e+03
1.356571655273437500e+03
1.362040771484375000e+03
1.367498779296875000e+03
1.372945922851562500e+03
1.378382324218750000e+03
1.383807617187500000e+03
1.389222534179687500e+03
1.394626831054687500e+03
1.400020385742187500e+03
1.405403442382812500e+03
1.410776489257812500e+03
1.416139038085937500e+03
1.421491210937500000e+03
1.426833496093750000e+03
1.432165649414062500e+03
1.437487792968750000e+03
1.442800048828125000e+03
1.448102416992187500e+03
1.453395019531250000e+03
1.458678222656250000e+03
1.463951538085937500e+03
1.469215454101562500e+03
1.474470092773437500e+03
1.479715087890625000e+03
1.484950927734375000e+03
1.490177612304687500e+03
1.495395141601562500e+03
1.500603637695312500e+03
1.505802856445312500e+03
1.510993530273437500e+03
1.516175170898437500e+03
1.521348022460937500e+03
1.526512207031250000e+03
1.531667846679687500e+03
1.536814819335937500e+03
1.541953247070312500e+03
1.547083496093750000e+03
1.552205444335937500e+03
1.557318847656250000e+03
1.562424072265625000e+03
1.567521240234375000e+03
1.572610473632812500e+03
1.577691528320312500e+03
1.582764526367187500e+03
1.587829956054687500e+03
1.592887451171875000e+03
1.597937133789062500e+03
1.602979248046875000e+03
1.608013793945312500e+03
1.613040893554687500e+03
1.618060302734375000e+03
1.623072387695312500e+03
1.628077270507812500e+03
1.633074829101562500e+03
1.638065063476562500e+03
1.643048217773437500e+03
1.648024169921875000e+03
1.652993286132812500e+03
1.657955444335937500e+03
1.662910644531250000e+03
1.667859130859375000e+03
1.672800537109375000e+03
1.677735473632812500e+03
1.682663696289062500e+03
1.687585327148437500e+03
1.692500366210937500e+03
1.697409179687500000e+03
1.702311401367187500e+03
1.707207275390625000e+03
1.712096801757812500e+03
1.716979980468750000e+03
1.721857177734375000e+03
1.726728149414062500e+03
1.731593139648437500e+03
1.736452148437500000e+03
1.741305175781250000e+03
1.746152221679687500e+03
1.750993530273437500e+03
1.755828857421875000e+03
1.760658569335937500e+03
1.765482543945312500e+03
1.770301025390625000e+03
1.775113769531250000e+03
1.779921142578125000e+03
1.784722900390625000e+03
1.789519287109375000e+03
1.794310424804687500e+03
1.799095947265625000e+03
1.803876464843750000e+03
1.808651855468750000e+03
1.813421752929687500e+03
1.818186767578125000e+03
1.822946655273437500e+03
1.827701538085937500e+03
1.832451416015625000e+03
1.837196411132812500e+03
1.841936523437500000e+03
1.846671752929687500e+03
1.851402099609375000e+03
1.856128051757812500e+03
1.860849243164062500e+03
1.865565551757812500e+03
1.870277465820312500e+03
1.874984863281250000e+03
1.879687500000000000e+03
1.884385986328125000e+03
1.889079833984375000e+03
1.893769531250000000e+03
1.898454589843750000e+03
1.903135620117187500e+03
1.907812377929687500e+03
1.912484985351562500e+03
1.917153076171875000e+03
1.921817382812500000e+03
1.926477661132812500e+03
1.931133789062500000e+03
1.935785888671875000e+03
1.940434082031250000e+03
1.945078247070312500e+03
1.949718627929687500e+03
1.954355346679687500e+03
1.958987915039062500e+03
1.963616821289062500e+03
1.968242065429687500e+03
1.972863769531250000e+03
1.977481567382812500e+03
1.982096069335937500e+03
1.986706787109375000e+03
1.991313842773437500e+03
1.995917602539062500e+03
2.000517822265625000e+03
2.005114746093750000e+03
2.009708007812500000e+03
2.014297973632812500e+03
2.018884643554687500e+03
2.023468139648437500e+03
2.028048095703125000e+03
2.032625122070312500e+03
2.037198730468750000e+03
2.041769165039062500e+03
2.046336547851562500e+03
2.050900634765625000e+03
2.055461669921875000e+03
2.060020263671875000e+03
2.064575195312500000e+03
2.069127197265625000e+03
2.073676025390625000e+03
2.078222656250000000e+03
2.082765869140625000e+03
2.087306152343750000e+03
2.091843750000000000e+03
2.096378417968750000e+03
